x_0(nm)	Estado_1(eV)	Estado_2(eV)	Estado_3(eV)	Estado_4(eV)	Estado_5(eV)	Estado_6(eV)	Estado_7(eV)	Estado_8(eV)	Estado_9(eV)	Estado_10(eV)	Estado_11(eV)	Estado_12(eV)	Estado_13(eV)	Estado_14(eV)	Estado_15(eV)	Estado_16(eV)	Estado_17(eV)	Estado_18(eV)	Estado_19(eV)	Estado_20(eV)
-30	-50.81639115	-40.21837078	-29.88517834	-19.80845651	-9.98247428	-7.922337425	-0.4038517391	3.62244962	8.928620297	14.93213057	18.01405975	25.99773987	26.84969278	30.01162661	35.4288625	36.81235931	43.74557111	47.36200922	49.86604345	51.78785089
-29.75	-50.16479076	-39.61036432	-29.32045403	-19.28683635	-9.503892171	-7.265189795	0.03165592563	4.230467636	9.320916451	15.49127441	18.36290402	26.50812244	27.15486328	30.1690295	35.6895473	37.27447027	43.9611846	47.77551298	49.94648455	51.95746413
-29.5	-49.51374	-39.00311296	-28.75668812	-18.76637703	-9.026673826	-6.608117808	0.4655950455	4.838196973	9.711435947	16.0499117	18.70975925	27.01762798	27.45797451	30.32613795	35.94778391	37.73563847	44.1741054	48.18770252	50.02657204	52.12411091
-29.25	-59.6046406	-48.86324325	-38.39662377	-28.19389041	-18.2470911	-8.550834577	-5.951122357	0.8979474462	5.445634157	10.10015767	16.60803599	19.05460152	27.52583735	27.75940932	30.48294853	36.20354221	38.1958512	44.38429779	48.59847303	50.10639363
-29	-58.90998253	-48.21330498	-37.79090396	-27.63207091	-17.72899137	-8.076390073	-5.294204362	1.328694571	6.052775628	10.48706006	17.1656406	19.39740653	28.02297743	28.06890368	30.63945769	36.45679088	38.65509593	44.59172519	49.00761843	50.18613801
-28.75	-58.21567143	-47.56392972	-37.1859609	-27.07123982	-17.21209091	-7.603356292	-4.637364777	1.757817467	6.659617735	10.8721211	17.72271845	19.73814963	28.3496335	28.54583436	30.79566178	36.70749761	39.11336018	44.79635013	49.41463851	50.26628763
-28.5	-57.5217091	-46.91512212	-36.5818021	-26.51140755	-16.69640307	-7.13174955	-3.980604586	2.185296777	7.266156731	11.25531828	18.27926198	20.07680595	28.64445872	29.05150939	30.95155705	36.95562914	39.57063136	44.99813425	49.81784696	50.34851074
-28.25	-56.82809737	-46.2668869	-35.9784352	-25.95258474	-16.18194148	-6.66158651	-3.323924805	2.611112723	7.872388771	11.63662862	18.8352629	20.41335063	28.93613806	29.55720407	31.10713963	37.20115135	40.02689673	45.19703824	50.20631577	50.44371687
-28	-56.13483807	-45.61922887	-35.37586804	-25.39478223	-15.66872004	-6.192884193	-2.667326484	3.035245097	8.478309906	12.01602862	19.39071167	20.74775927	29.22524399	30.0623053	31.26240555	37.44402918	40.48214333	45.39302179	50.45630759	50.67562455
-27.75	-55.4419331	-44.97215293	-34.77410857	-24.8380111	-15.15675297	-5.725659992	-2.01081071	3.457673242	9.083916076	12.39349428	19.94559645	21.08000899	29.51185864	30.56668937	31.41735076	37.68422672	40.93635797	45.5860436	50.55337073	51.05866628
-27.5	-54.74938438	-44.32566411	-34.17316494	-24.28228266	-14.64605478	-5.259931681	-1.354378603	3.878376045	9.689203103	12.76900107	20.49990038	21.4100811	29.79598653	31.07030918	31.57197108	37.92170711	41.38952719	45.77606132	50.63391678	51.45641088
-27.25	-54.05719384	-43.6797675	-33.57304546	-23.72760847	-14.13664031	-4.795717425	-0.6980313234	4.297331916	10.29416668	13.14252392	21.05359355	21.73796912	30.07761007	31.57313871	31.72626224	38.15643258	41.84163724	45.96303149	50.71110437	51.8556797
-27	-53.36536347	-43.03446833	-32.97375862	-23.17400033	-13.62852473	-4.333035798	-0.04177006733	4.714518777	10.89880236	13.51403721	21.60660056	22.06371118	30.35670304	31.88021977	32.07515965	38.38836438	42.29267407	46.14690953	50.78680048	52.25458536
-26.75	-52.67389528	-42.3897719	-32.3753131	-22.62147031	-13.12172352	-3.871905793	0.6144039271	5.129914045	11.50310551	13.88351478	22.15857261	22.3876179	30.63323491	32.03383932	32.57635665	38.61746279	42.74262332	46.3276497	50.86152803	52.65258409
-26.5	-51.98279133	-41.74568366	-31.77771774	-22.07003074	-12.61625253	-3.412346835	1.270489381	5.543494613	12.10707134	14.25092994	22.69186218	22.72729769	30.90717258	32.18711621	33.07671603	38.84368704	43.19147029	46.50520501	50.93548795	53.04945366
-26.25	-51.29205369	-41.10220915	-31.1809816	-21.51969422	-12.11212798	-2.954378798	1.926484971	5.955236838	12.71069475	14.61625549	23.02444046	23.26473921	31.17848117	32.34004576	33.57622465	39.06699532	43.63919992	46.67952722	51.00877262	53.44507996
-26	-50.6016845	-40.45935404	-30.58511394	-20.97047364	-11.60936643	-2.498022016	2.582389331	6.365116517	13.31397032	14.97946381	23.3412503	23.81495851	31.44712431	32.49262317	34.07486965	39.28734471	44.0857968	46.85056678	51.08142949	53.83939331
-25.75	-49.91168592	-39.81712412	-29.99012422	-20.4223822	-11.10798486	-2.043297302	3.238201045	6.773108876	13.91689201	15.34052705	23.6552213	24.36498376	31.71306437	32.64484356	34.57263818	39.50469116	44.53124513	47.01827274	51.1534847	54.23234486
-25.5	-49.22206015	-39.1755253	-29.39602211	-19.87543337	-10.60800061	-1.590225964	3.893918649	7.179188543	14.51945275	15.69941759	23.96663234	24.91449277	31.97626251	32.79670195	35.06951729	39.71898942	44.97552872	47.18259276	51.22495323	54.34990603
-25.25	-48.53280944	-38.53456364	-28.80281752	-19.32964097	-10.10943146	-1.13882982	4.549540624	7.583329535	15.12164312	16.05610925	24.27551256	25.4634119	32.23667875	32.9481933	35.56549387	39.93019304	45.41863099	47.34347299	51.29584371	54.45883161
-25	-47.84393608	-37.89424531	-28.21052057	-18.78501913	-9.612295597	-0.6891312184	5.205065397	7.985505236	15.72344743	16.41058124	24.58184759	26.0117098	32.49427192	33.09931249	36.06055453	40.13825425	45.8605349	47.50085804	51.366161	54.56384658
-24.75	-47.15544241	-37.25457665	-27.61914162	-18.2415823	-9.116611662	-0.2411530527	5.860491332	8.385688378	16.32482594	16.76283589	24.88560978	26.55936708	32.7489997	33.2500544	36.55468565	40.343124	46.30122301	47.65469092	51.43590756	54.6648814
-24.5	-46.46733081	-36.61556413	-27.0286913	-17.69934532	-8.622398744	0.2050812147	6.515816721	8.783851024	16.92555397	17.11305949	25.1867659	27.10636854	33.00081859	33.40041389	37.04787327	40.54475182	46.7406774	47.80491295	51.50508429	54.761864
-24.25	-45.77960372	-35.97721437	-26.43918047	-17.15832335	-8.129676402	0.6495475349	7.171039776	9.179964551	17.45814371	17.52870046	25.48527962	27.6527006	33.24968384	33.55038587	37.54010308	40.7430858	47.17887967	47.95146371	51.57369103	54.85471955
-24	-45.09226361	-35.33953414	-25.85062026	-16.61853195	-7.638464688	1.09222125	7.826158599	9.573999652	17.80467871	18.12763482	25.78111255	28.19835012	33.49554944	33.69996542	38.03136044	40.93807254	47.61581095	48.09428096	51.64172688	54.94337031
-23.75	-44.40531302	-34.7025304	-25.26302209	-16.07998706	-7.148784157	1.533077072	8.481171143	9.965926346	18.1475779	18.72740212	26.07422464	28.74330379	33.73836809	33.84914782	38.5216303	41.12965706	48.05145185	48.23330056	51.70919042	55.02773539
-23.5	-43.71875454	-34.06621026	-24.67639763	-15.54270502	-6.660655891	1.972089057	9.1360751	10.35571405	18.48793034	19.3268707	26.3645744	29.28754774	33.97809111	33.9979288	39.01089721	41.31778275	48.36845637	48.48578244	51.77607986	55.10773049
-23.25	-43.03259082	-33.43058099	-24.09075888	-15.0067026	-6.174101517	2.409230584	9.790867624	10.74333185	18.8257709	19.92596187	26.65211895	29.83106712	34.14630476	34.21466846	39.49914531	41.50239126	48.49968023	48.91878225	51.8423931	55.18326764
-23	-42.34682455	-32.79565007	-23.50611814	-14.47199699	-5.689143229	2.844474326	10.44554437	11.12874939	19.16107861	20.52465161	26.93681407	30.37384551	34.29427331	34.44804858	39.98635826	41.68342248	48.62690179	49.35043023	51.90812789	55.25425484
-22.75	-41.66145852	-32.16142516	-22.922488	-13.93860583	-5.205803804	3.277792226	11.10009478	11.51194158	19.49382034	21.12292677	27.2186142	30.91586418	34.44183386	34.67817844	40.47251928	41.8608144	48.75004848	49.78070473	51.97328179	55.32059571
-22.5	-40.97649553	-31.5279141	-22.33988142	-13.40654724	-4.724106632	3.709155464	11.75444074	11.89294988	19.82395842	21.72077749	27.4974724	31.45710067	34.58898907	34.90500339	40.95761107	42.03450305	48.86904538	50.20958349	52.03785225	55.38218908
-22.25	-40.2919385	-30.89512495	-21.75831167	-12.87583981	-4.244075737	4.138534432	12.27120434	12.40911453	20.15145265	22.31819502	27.77334032	31.99752636	34.73574723	35.12846715	41.44161582	42.20442237	48.98381516	50.63704358	52.10183668	55.43892848
-22	-39.60779038	-30.26306599	-21.1777924	-12.34650265	-3.765735799	4.565898702	12.64756146	13.06322089	20.476261	22.91517107	28.04616814	32.53710149	34.88212718	35.34851171	41.92451519	42.37050416	49.09427795	51.06306141	52.16523241	55.4907016
-21.75	-38.92405421	-29.63174569	-20.59833761	-11.81855538	-3.289112185	4.991216989	13.02144689	13.71729429	20.79833988	23.5116974	28.31590453	33.07576434	35.02816909	35.56507727	42.40629024	42.53267792	49.20035126	51.48761268	52.22803677	55.53738962
-21.5	-38.24073309	-29.00117278	-20.0199617	-11.29201818	-2.814230975	5.41445712	13.39289904	14.37125525	21.11764422	24.10776575	28.58249661	33.61340418	35.17396156	35.77810213	42.69087072	42.88692143	49.30194986	51.91067234	52.2902471	55.57886653
-21.25	-37.55783022	-28.3713562	-19.44267947	-10.76691178	-2.34111899	5.835585995	13.7618868	15.02509266	21.43412751	24.70336769	28.84588983	34.1497802	35.31972253	35.98752264	42.84500713	43.36638857	49.39898572	52.33221426	52.35186103	55.6149982
-21	-36.87534886	-27.74230517	-18.86650613	-10.24325752	-1.869803823	6.254569553	14.12837162	15.67880151	21.74774173	25.29849461	29.10602798	34.68419974	35.46612113	36.1932731	42.995009	43.84467079	49.4913679	52.41287502	52.75221277	55.64564143
-20.75	-36.19329236	-27.11402915	-18.29145734	-9.721077353	-1.400313874	6.671372723	14.49231233	16.33237814	22.05843738	25.89313768	29.36285302	35.21335937	35.6164365	36.39528564	43.14079535	44.32174649	49.57900244	52.47328756	53.17063933	55.6706428
-20.5	-35.51166416	-26.48653787	-17.7175492	-9.20039387	-0.9326783807	7.08595939	14.85366598	16.98581923	22.36616337	26.4872878	29.61630509	35.68117919	35.82672354	36.59349015	43.28228218	44.79759326	49.66179231	52.5330959	53.58746587	55.68983732
-20.25	-34.83046779	-25.85984133	-17.14479829	-8.681230334	-0.4669274584	7.498292342	15.21238812	17.63912159	22.67086701	27.08093563	29.86632237	35.87624755	36.30836803	36.78781416	43.41938227	45.27218785	49.73963734	52.5922978	54.00266293	55.70304693
-20	-34.14970689	-25.23394986	-16.57322169	-8.163610709	-0.003092134337	7.908333229	15.56843278	18.29228198	22.97249388	27.67407151	30.112841	36.02428167	36.83562612	36.97818271	43.55200499	45.74550605	49.81243415	52.65089125	54.41619994	55.71007875
-19.75	-33.46938517	-24.60887406	-16.00283698	-7.647559688	0.4587956096	8.316042505	15.92175252	18.94529709	23.27098783	28.26668549	30.355795	36.16791971	37.16451823	37.36583211	43.68005606	46.21752263	49.88007614	52.70887452	54.8280449	55.71072322
-19.5	-32.78950646	-23.98462487	-15.43366229	-7.133102728	0.9187027947	8.72137938	16.27229834	19.59816352	23.56629085	28.85876728	30.59511614	36.30996313	37.34674045	37.89615612	43.80343728	46.68821116	49.94245349	52.76624629	55.23816306	55.7047529
-19.25	-32.11007472	-23.36121355	-14.86571631	-6.620266084	1.3765954	9.12430176	16.62001962	20.25087775	23.85834299	29.45030625	30.83073383	36.4510138	37.5247662	38.42596691	43.92204622	47.15754386	49.9994532	52.82300577	55.64644996	55.69198658
-19	-31.43109399	-22.73865174	-14.29901832	-6.109076843	1.832438316	9.524766188	16.96486407	20.9034361	24.14708228	30.04129144	31.06257505	36.59127028	37.69850931	38.95503557	44.03577592	47.62549132	50.05095914	52.87915296	55.67190429	56.05311303
-18.75	-30.75256845	-22.1169514	-13.73358823	-5.599562967	2.286195291	9.922727781	17.30677766	21.55583477	24.43244465	30.63171146	31.29056414	36.73081183	37.86788044	39.48325151	44.14451452	48.09202219	50.09685225	52.93468893	55.64447273	56.45784211
-18.5	-30.0745024	-21.49612492	-13.16944657	-5.09175333	2.737828881	10.31814016	17.64570451	22.20806979	24.71436379	31.22155458	31.51462273	36.86967192	38.0327869	40.0105488	44.24814479	48.55710259	50.13701072	52.98961632	55.60925131	56.86069839
-18.25	-29.39690027	-20.87618507	-12.60661456	-4.585677764	3.187300387	10.71095537	17.98158682	22.86013702	24.99277104	31.73466958	31.81080861	37.0078633	38.1931325	40.53688119	44.34654367	49.02069528	50.17131027	53.04394017	55.56587009	57.26162967
-18	-28.71976663	-20.25714503	-12.04511413	-4.081367105	3.6345698	11.10112383	18.31436477	23.51203212	25.26759531	31.95062038	32.39946095	37.14538799	38.34881734	41.06221196	44.43958171	49.48275828	50.19962465	53.09766919	55.51391653	57.66057163
-17.75	-28.0431062	-19.63901844	-11.48496794	-3.578853242	4.079595735	11.48859421	18.64397644	24.16375057	25.53876291	32.16238764	32.98749852	37.282242	38.49973766	41.58650925	44.5271224	49.94324208	50.22182653	53.15081813	55.45293341	58.05742015
-17.5	-27.36692385	-19.02181941	-10.92619945	-3.078169167	4.522335359	11.87331339	18.97035765	24.8152876	25.80619744	32.36988047	33.57490778	37.41841757	38.64578557	42.10974367	44.60902143	50.23778214	50.40209132	53.20341203	55.38241538	58.45190651
-17.25	-26.6912246	-18.40556252	-10.36883293	-2.579349035	4.96274432	12.25522633	19.29344191	25.4666382	26.06981963	32.57300437	34.16167467	37.55390448	38.7868489	42.63188705	44.68512577	50.2473725	50.85921575	53.25549491	55.30180612	58.84215445
-17	-26.01601364	-17.79026286	-9.812893509	-2.08242822	5.400776672	12.63427598	19.61316023	26.11779711	26.3295472	32.77166104	34.74778459	37.68869072	38.92281094	43.15291162	44.7552727	50.25046325	51.31450232	53.30714874	55.21049708	59.01995617
-16.75	-25.34129636	-17.17593608	-9.258407222	-1.587443382	5.836384783	13.01040319	19.92944104	26.58529466	26.76875874	32.96574814	35.33322239	37.82276296	39.05355024	43.67278957	44.81928851	50.2469303	51.76774329	53.35854096	55.10782865	58.94467583
-16.5	-24.66707831	-16.56259838	-8.705401062	-1.094432528	6.269519256	13.38354659	20.24221002	26.83697318	27.41951717	33.155159	35.91797232	37.95610682	39.17894034	44.19149263	44.87698717	50.23665223	52.21850294	53.41006679	54.99309512	58.86631101
-16.25	-23.99336524	-15.95026657	-8.153903022	-0.6034350944	6.700128825	13.75364245	20.55138995	27.08449034	28.07006611	33.33978239	36.502018	38.08870703	39.29884957	44.70899127	44.92816921	50.21951318	52.66555462	53.46291104	54.86555471	58.78737646
-16	-23.32016312	-15.33895807	-7.603942159	-0.1144920139	7.128160261	14.12062457	20.85690057	27.32774997	28.72039877	33.51950213	37.0853424	38.22054761	39.41314081	44.97261337	45.22526082	50.19540504	53.10322356	53.52270514	54.72444642	58.70815822
-15.75	-22.64747813	-14.72869099	-7.055548643	0.3723541942	7.553558253	14.48442413	21.15865837	27.5666519	29.37050788	33.69419683	37.66792777	38.35161198	39.52167124	45.01009255	45.74026298	50.16422985	53.46331835	53.65759558	54.56901518	58.62875028
-15.5	-21.97531668	-14.11948413	-6.508753826	0.857059338	7.976265299	14.84496957	21.45657639	27.80109173	30.02038551	33.86373945	38.24975559	38.48188309	39.62429219	45.04034588	46.25397076	50.12590261	53.57304651	54.04032827	54.39854622	58.54920363
-15.25	-21.30368544	-13.51135702	-5.963590308	1.339577457	8.396221578	15.20218636	21.75056408	28.03096056	30.67002294	34.02799688	38.61134337	38.83080671	39.72084891	45.06309283	46.76635092	50.08035434	53.62887127	54.21240889	54.47439165	58.46955557
-15	-20.6325913	-12.90432999	-5.420092007	1.819860719	8.813364809	15.55599692	22.04052702	28.25614472	31.31941049	34.18682946	38.73997553	39.41106044	39.81118073	45.07802353	47.2773695	50.02753556	53.67793429	54.01010843	54.91259382	58.38983814
-14.75	-19.96204148	-12.29842421	-4.878294237	2.297859312	9.227630113	15.90632034	22.32636667	28.47652546	31.96853721	34.34009044	38.86776194	39.89511376	39.99050254	45.08479458	47.78699121	49.96741991	53.72459605	53.79134246	55.35052216	58.31008128
-14.5	-19.29204343	-11.6936617	-4.338233794	2.77352132	9.638949849	16.25307226	22.60798019	28.69197863	32.61739043	34.48762537	38.99468568	39.97248979	40.56909557	45.0830236	48.29517937	49.90000814	53.55605691	53.76985686	55.78712209	58.23031414
-14.25	-18.62260496	-11.09006545	-3.799949044	3.246792601	10.04725345	16.59616458	22.88526005	28.90237432	33.26595519	34.62927134	39.12073086	40.04311612	41.14682938	45.07228297	48.80189569	49.82533219	53.30449527	53.81406473	56.22198914	58.1505656
-14	-17.95373418	-10.4876594	-3.26348002	3.717616645	10.45246723	16.93550529	23.15809382	29.10757648	33.91421315	34.76485628	39.24588369	40.10681001	41.72367674	45.05209272	49.30710026	49.74345931	53.03723467	53.85737099	56.65491317	58.07086456
-13.75	-17.28543955	-9.886468594	-2.728868528	4.185934423	10.85451419	17.27099814	23.42636377	29.3074425	34.56214069	34.89419812	39.37013403	40.16337995	42.29961233	45.02191268	49.65449613	49.81075138	52.75520411	53.8998512	57.08575734	57.99123977
-13.5	-16.6177299	-9.286519157	-2.196158263	4.651684228	11.25331382	17.60254245	23.68994653	29.50182279	35.01710021	35.20970967	39.49347822	40.21262926	42.87460974	44.98113427	49.55859249	50.31280542	52.45968312	53.94154675	57.51441638	57.91171935
-13.25	-15.95061447	-8.687838428	-1.665394925	5.114801496	11.64878183	17.93003274	23.94871269	29.69056025	35.13336206	35.85687	39.61592431	40.25435706	43.44864122	44.92907228	49.45594488	50.81321676	52.15228208	53.98248181	57.8323293	57.94079915
-13	-15.28410289	-8.090455016	-1.136626363	5.575218618	12.04082991	18.25335841	24.20252637	29.87348983	35.24275916	36.50355783	39.7375024	40.28835948	44.02167758	44.86495772	49.34679932	51.31193755	51.83490841	54.02267116	57.75308902	57.83498068
-12.75	-14.61820529	-7.494398894	-0.6099027118	6.032864726	12.42936548	18.57240341	24.45124471	30.05043788	35.34505573	37.14965858	39.85828703	40.31443131	44.59368807	44.78793314	49.23145343	51.50972322	51.80891783	54.06212423	57.67399447	57.68526311
-12.5	-13.95293222	-6.899701487	-0.08527655669	6.487665475	12.81429135	18.88704582	24.69471735	30.22122166	35.43999696	37.79495734	39.9784521	40.33236811	44.69705256	45.16464022	49.11025761	51.17909428	52.30410459	54.1008472	57.53754414	57.59491915
-12.25	-13.28829479	-6.30639578	0.437196897	6.939542788	13.1955054	19.19715744	24.93278585	30.38564861	35.52730692	38.43897931	40.09842975	40.34196897	44.59128922	45.73449965	48.98361505	50.84554443	52.79744276	54.13884439	57.39212629	57.51331573
-12	-12.62430465	-5.714516428	0.9574596336	7.388414587	13.57290022	19.50260331	25.16528298	30.54351579	35.60668531	39.08039487	40.21950517	40.34303986	44.46955481	46.30322984	48.85198053	50.51169909	53.2888741	54.17611906	57.24927847	57.36288726
-11.75	-11.96097403	-5.124099877	1.47545062	7.834194501	13.94636273	19.80324117	25.39203208	30.69460911	35.67780336	39.71353565	40.33539777	40.34730044	44.33073476	46.87079193	48.71585781	50.18022683	53.7783373	54.21267401	57.10923513	57.19841523
-11.5	-11.29831581	-4.535184502	1.991105579	8.276791536	14.31577372	20.09892095	25.61284611	30.83870265	35.74029883	40.27898463	40.31887585	40.54118425	44.17374334	47.43714428	48.57579564	49.85377038	54.24851106	54.2657688	56.97219632	57.04135898
-11.25	-10.63634357	-3.947810753	2.50435674	8.716109717	14.68100737	20.38948407	25.8275268	30.97555799	35.79376989	40.29332904	40.51430516	41.06354295	43.99760108	48.00224204	48.4323823	49.53486491	54.28363677	54.7510972	56.83832836	56.89146194
-11	-9.975071596	-3.362021317	3.015132564	9.152047699	15.04193074	20.67476279	26.03586357	31.10492346	35.83776752	40.25864118	40.64171538	41.69210582	43.8015326	48.2862387	48.56603652	49.22584389	54.31805288	55.23425315	56.70776528	56.74821375
-10.75	-9.314515003	-2.777861299	3.52335744	9.584498324	15.39840315	20.95457943	26.23763228	31.22653356	35.87178633	40.2147325	40.75713162	42.33090152	43.5850779	48.13801035	48.92873821	49.12847408	54.35176718	55.71515858	56.58061091	56.6111218
-10.5	-8.65468976	-2.19537842	4.028951352	10.01334815	15.75027556	21.22874553	26.43259383	31.34010841	35.8952533	40.16156822	40.8684174	42.97200798	43.3482047	47.98835801	48.64518097	49.68949478	54.38479005	56.19372916	56.45694123	56.47974245
-10.25	-7.995612774	-1.614623235	4.531829504	10.4384769	16.09738985	21.49706088	26.62049257	31.4453534	35.90751435	40.09916755	40.97717457	43.09139425	43.61376957	47.83794767	48.37633385	50.24902973	54.41713777	56.33680724	56.35368479	56.66984145
-10	-7.337301977	-1.035649379	5.03190191	10.85975689	16.43957795	21.75931247	26.80105431	31.54195908	35.90781852	40.02761322	41.08390581	42.81572692	44.25560973	47.68744	48.12285096	50.80699647	54.44883689	56.22023787	56.23260838	56.83072653
-9.75	-6.679776405	-0.4585138398	5.529072934	11.27705233	16.77666101	22.01527334	26.97398407	31.62960143	35.89530001	39.94706081	41.18879577	42.52286885	44.89728035	47.53747954	47.88488929	51.3632901	54.47993296	56.10724298	56.11621825	56.75738692
-9.5	-6.023056306	0.1167227411	6.023240775	11.69021865	17.10844834	22.26470126	27.13896336	31.70794264	35.86895881	39.85774772	41.29190242	42.21507312	45.53864318	47.38868433	47.66216461	51.91776382	54.51050963	55.9978164	56.00425997	56.68478152
-9.25	-5.367163252	0.6899957276	6.514296891	12.09910157	17.43473629	22.50733724	27.2956468	31.77663267	35.82764181	39.76000111	41.39318913	41.89514644	46.17961083	47.24163615	47.45404127	52.47018074	54.5407365	55.89193869	55.89651424	56.61298545
-9	-4.712120262	1.261236107	7.002125357	12.50353626	17.75530691	22.74290396	27.44365812	31.83531166	35.77002802	39.65424419	41.49136947	41.56755109	46.82012	47.09687207	47.25963843	53.02007024	54.57101247	55.78957983	55.79279198	56.54205531
-8.75	-4.057951947	1.830370063	7.48660213	12.90334623	18.06992655	22.97110391	27.58258501	31.88361373	35.69462394	39.54100041	41.23092573	41.59131015	46.95487741	47.07793492	47.46011944	53.56615918	54.60253398	55.6907016	55.69292987	56.47204761
-8.5	-3.404684667	2.397318485	7.967594232	13.29834214	18.37834411	23.19161737	27.71197282	31.92117226	35.59977874	39.42089478	40.89487019	41.68715956	46.81608073	46.90786035	48.09956321	54.10260196	54.64106458	55.59525967	55.59678627	56.40302059
-8.25	-2.75234672	2.961996424	8.444958811	13.68832048	18.68028917	23.40410022	27.83131645	31.94762724	35.48373225	39.29465194	40.56090936	41.78128443	46.68085075	46.74836395	48.73840765	54.54671557	54.76919922	55.50320548	55.50423781	56.33503483
-8	-2.100968542	3.524312464	8.918542081	14.07306199	18.97546975	23.60818142	27.94005004	31.96263496	35.34471081	39.16309051	40.23310894	41.87352999	46.54949546	46.59846219	49.37660835	54.64734794	55.23799535	55.41448782	55.41517665	56.2681539
-7.75	-1.450582946	4.084168005	9.388178102	14.45232987	19.26356971	23.80346038	28.03753354	31.9658805	35.18108305	39.02711344	39.91530637	41.96382692	46.42226322	46.45726596	50.01411806	54.68191759	55.32905371	55.32950649	55.76993259	56.20244522
-7.5	-0.8012253945	4.641456447	9.853687386	14.82586781	19.5442458	23.98950404	28.1230355	31.95709329	34.99157659	38.88769426	39.6109828	42.05211582	46.29934569	46.32399255	50.65088409	54.70929661	55.2468504	55.24714374	56.13798165	56.30602863
-7.25	-0.1529343098	5.196062242	10.31487529	15.19339759	19.81712403	24.16584386	28.19571052	31.93606591	34.77553566	38.74585946	39.32304362	42.13833834	46.1808822	46.19796661	51.28684459	54.73413503	55.16782512	55.16801227	56.07484454	56.84151425
-7	0.4942485637	5.747859803	10.77153014	15.55461637	20.08179551	24.3319728	28.25457025	31.90267607	34.53317528	38.60266731	39.05360935	42.22243541	46.06696529	46.0786142	51.92192181	54.75747304	55.0919263	55.09204387	56.01312948	57.37521983
-6.75	1.140277741	6.296712232	11.22342108	15.90919354	20.33781128	24.48734234	28.29844641	31.85691123	34.26577389	38.459184	38.8038796	42.3043468	45.95764688	45.96545291	52.55600816	54.77966984	55.01910392	55.01917666	55.95295982	57.9066452
-6.5	1.785103504	6.842469837	11.6702955	16.25676698	20.58467616	24.63136005	28.32594482	31.79889518	33.97575723	38.31645797	38.57411718	42.38401109	45.85294476	45.85808033	53.18893187	54.8008814	54.94930982	54.94935418	55.89452002	58.43548032
-6.25	2.428671329	7.384968382	12.11187608	16.59693875	20.82184101	24.76338801	28.33539096	31.72891495	33.66666249	38.17549412	38.36376247	42.46136578	45.75284902	45.75616219	53.82035457	54.82118574	54.88249798	54.88252465	55.83815743	58.96147826
-6	3.070921201	7.924027026	12.54785721	16.92926989	21.04869305	24.88274281	28.32477143	31.64744639	33.343012	38.03722921	38.17164399	42.53634744	45.65732808	45.65942128	54.44935858	54.81862343	54.81864031	54.840627	55.784794	59.48441018
-5.75	3.711786806	8.45944586	12.97790075	17.25327435	21.26454344	24.98869819	28.29168332	31.55517615	33.01014475	37.90251041	37.99622572	42.60889185	45.56633426	45.56762732	54.75764698	54.75765704	54.85922813	55.07154343	55.73882877	60.00404548
-5.5	4.35119456	8.991002966	13.40163096	17.56841172	21.46861106	25.08049158	28.23331717	31.45301724	32.6740374	37.77207846	37.83583457	42.67893424	45.47980859	45.48058823	54.69952752	54.69953386	54.87700663	55.58639015	55.80077235	60.52014075
-5.25	4.989062435	9.51845085	13.81862832	17.87407851	21.6600008	25.15733659	28.14651984	31.34211585	32.34110507	37.64655675	37.68883353	42.74640949	45.39768492	45.39814279	54.64422845	54.64423271	54.8939721	55.60360512	56.36090165	61.03243213
-5	5.625298532	10.04151211	14.22842192	18.16959775	21.83767404	25.21844362	28.02800423	31.22384652	32.01792679	37.52644693	37.55373142	42.81125233	45.31989318	45.3201545	54.59171505	54.59171815	54.91013104	55.56141351	56.98096475	61.5406287
-4.75	6.259799328	10.5598741	14.63048015	18.45420654	22.00040747	25.26305149	27.87477378	31.09979371	31.71082412	37.41213106	37.42923724	42.87339764	45.24636213	45.24650666	54.54195473	54.54195719	54.92548776	55.51667129	57.60406683	62.04440573
-4.5	6.892447502	11.07318233	15.02419891	18.72704107	22.14673501	25.2904729	27.68477668	30.97171793	31.42526909	37.30387963	37.31427415	42.93278064	45.17702126	45.17709847	54.494917	54.49491909	54.94004507	55.47270283	58.22683011	62.54339719
-4.25	7.523109202	11.58103214	15.40888675	18.987119	22.27486451	25.30015634	27.4576813	30.84150596	31.16522407	37.20186407	37.20796837	42.98933725	45.11180226	45.11184197	54.45057341	54.45057527	54.95380478	55.43028797	58.84840365	63.03718679
-4	8.151630584	12.08295815	15.78374558	19.23331885	22.38255854	25.29176556	27.19553231	30.71110611	30.93265426	37.10617231	37.10962497	43.0430043	45.05064005	45.05065965	54.40889746	54.40889914	54.966768	55.38973774	59.46838388	63.52529686
-3.75	8.777833352	12.57842073	16.14784532	19.46435664	22.46696608	25.26527557	26.90304665	30.58245175	30.72746095	37.01682561	37.01869869	43.0937199	44.99347341	44.99348267	54.36986453	54.36986606	54.9789353	55.35122311	60.08648091	64.00717427
-3.5	9.401508928	13.06678821	16.50008974	19.67876099	22.52439681	25.22108066	26.5875008	30.45737902	30.54789042	36.93379519	36.934765	43.14142373	44.94024529	44.94024952	54.33345181	54.33345319	54.99030684	55.31486033	60.70242692	64.48217219
-3.25	10.02241071	13.54731343	16.83916909	19.87484957	22.55005419	25.16010561	26.25838961	30.33754736	30.39122436	36.85701751	36.85749393	43.18605736	44.89090304	44.89090501	54.29963824	54.29963948	55.00088245	55.28073985	61.31593903	64.94952599
-3	10.64024358	14.01910192	17.16349218	20.05071286	22.53782137	25.08390703	25.92705717	30.2243731	30.25446453	36.78640738	36.78662795	43.22756459	44.8453984	44.84539947	54.26840447	54.26840555	55.0106616	55.24893789	61.92669664	64.95747591
-2.75	11.25464934	14.48106816	17.47108495	20.20421722	22.48036842	24.99474754	25.60623644	30.11898557	30.13482024	36.7218686	36.72196415	43.26589181	44.80368746	44.80368824	54.23973275	54.23973367	55.01964339	55.21952167	62.53432102	64.93685039
-2.5	11.86518599	14.93187394	17.75943186	20.33304742	22.37009886	24.89562191	25.30904647	30.02221205	30.02995834	36.66330199	36.66334051	43.3009883	44.76573052	44.76573122	54.21360694	54.2136077	55.02782638	55.19255197	63.13835128	64.91804358
-2.25	12.47129731	15.36983971	18.02521431	20.43482109	22.20146003	24.79021107	25.04691831	29.93459261	29.93806936	36.61061114	36.61062563	43.33280656	44.73149187	44.73149258	54.19001242	54.19001304	55.03520826	55.16808465	63.73821152	64.90104857
-2	13.07226643	15.7928138	18.2638565	20.50732012	21.97429367	24.68273819	24.8267945	29.85641976	29.8578259	36.56370616	36.5637114	43.36130268	44.70093974	44.70094051	54.16893609	54.16893659	55.04178522	55.14617183	64.33316209	64.8858591
-1.75	13.66714165	16.1979753	18.4687024	20.5488914	21.69653043	24.57770755	24.64942555	29.78779396	29.788294	36.5225059	36.52250789	43.38643659	44.6740461	44.67404695	54.1503663	54.15036672	55.04755049	55.12686359	64.87246965	64.87247018
-1.5	14.25461048	16.58153189	18.62951447	20.55906079	21.38488349	24.47953135	24.51040475	29.72868411	29.72883567	36.48693908	36.48693998	43.40817239	44.65078654	44.6507875	54.13429284	54.13429327	55.05249107	55.11021129	64.86087524	64.86087552
-1.25	14.83276809	16.93825466	18.73000308	20.53937324	21.06468394	24.39209847	24.4031242	29.67898361	29.679022	36.45694458	36.45694508	43.42647859	44.63114017	44.63114123	54.12070693	54.12070743	55.05657929	55.09627591	64.85107173	64.85107194
-1	15.3986415	17.26078335	18.74554225	20.49442001	20.77005162	24.31839691	24.3214337	29.63855569	29.63856498	36.43247144	36.43247179	43.44132837	44.61508945	44.61509061	54.10960117	54.10960179	55.05974931	55.0851515	64.84305552	64.84305558
-0.75	15.94703819	17.53870115	18.64827377	20.43292166	20.53874773	24.26032442	24.26088465	29.60726538	29.60726943	36.41347856	36.41347892	43.45269978	44.60262016	44.60262143	54.10096957	54.10097031	55.06183127	55.07703092	64.83682364	64.83682374
-0.5	16.46696468	17.75772642	18.43066293	20.36843839	20.39214418	24.21876759	24.21881759	29.58499875	29.58500231	36.39993443	36.39993486	43.46057593	44.59372132	44.59372268	54.09480744	54.09480831	55.06249215	55.07226482	64.83237386	64.83237408
-0.25	16.92519906	17.90033855	18.13760853	20.31842347	20.32000645	24.19391287	24.19391513	29.57167223	29.57167578	36.39181678	36.39181729	43.46494508	44.58838512	44.58838654	54.09111147	54.09111247	55.06198797	55.07060944	64.82970461	64.82970496
0	17.16418584	17.95020702	17.95021071	20.29938458	20.29938518	24.18565362	24.18565576	29.56723562	29.56723908	36.38911232	36.38911291	43.46580078	44.58660687	44.58660835	54.08987966	54.08988077	55.06178896	55.07060126	64.82881493	64.8288154
0.25	16.9252048	17.90034099	18.13760341	20.31842223	20.32000654	24.19391257	24.19391496	29.57167225	29.57167552	36.39181665	36.39181729	43.46314191	44.58838503	44.58838655	54.09111135	54.09111256	55.06230178	55.07183486	64.8297045	64.82970508
0.5	16.46697159	17.75773095	18.43065769	20.36843627	20.39214394	24.2187663	24.21881793	29.58499877	29.5850018	36.39993416	36.39993486	43.4569727	44.59372116	44.5937227	54.0948072	54.09480849	55.06230638	55.07552597	64.83237363	64.83237432
0.75	15.94704533	17.53870728	18.64826996	20.43291914	20.53874653	24.26032249	24.26088515	29.60726541	29.60726867	36.41347816	36.41347892	43.44730265	44.60261992	44.60262146	54.10096922	54.10097057	55.06095249	55.08251504	64.8368233	64.8368241
1	15.39864868	17.26079065	18.74554046	20.49441752	20.77004911	24.31839439	24.32143432	29.63855573	29.63856397	36.43247092	36.43247178	43.43414652	44.61508912	44.61509065	54.10960072	54.10960212	55.05840407	55.09262285	64.84305511	64.84305601
1.25	14.83277523	16.93826281	18.73000321	20.53937109	21.06468031	24.3920954	24.40312486	29.6789836	29.67902078	36.45694399	36.456945	43.41752414	44.63113977	44.63114126	54.12070639	54.12070782	55.05487572	55.10561421	64.85107132	64.85107231
1.5	14.25461754	16.58154065	18.62951617	20.55905916	21.38487923	24.47952783	24.51040532	29.72868399	29.72883433	36.48693845	36.4869398	43.39746033	44.65078608	44.65078753	54.13429224	54.13429369	55.05046445	55.12136625	64.86087485	64.86087593
1.75	13.66714862	16.19798451	18.46870533	20.54889038	21.69652602	24.57770369	24.64942586	29.78779368	29.78829257	36.52250523	36.52250762	43.37398463	44.67404558	44.67404697	54.15036569	54.15036713	55.04521227	55.13980603	64.87246926	64.87247047
2	13.07227331	15.79282334	18.26386043	20.50731974	21.97428953	24.68273415	24.82679431	29.85641925	29.85782444	36.56370543	36.56371105	43.34713113	44.70093917	44.7009405	54.16893552	54.16893692	55.03913904	55.16087775	64.33315939	64.88585876
2.25	12.4713041	15.36984951	18.02521906	20.43482133	22.20145651	24.79020697	25.04691742	29.93459182	29.93806793	36.61061036	36.61062519	43.31693817	44.73149126	44.73149254	54.19001192	54.19001328	55.0322551	55.18453028	63.73820815	64.90104825
2.5	11.86519269	14.93188393	17.75943731	20.33304825	22.37009616	24.8956179	25.30904475	30.02221093	30.02995698	36.66330117	36.66333998	43.2834481	44.76572989	44.76573112	54.21360652	54.21360782	55.0245663	55.21071216	63.13834718	64.91804329
2.75	11.25465596	14.48107829	17.47109101	20.20421859	22.48036663	24.99474374	25.60623389	30.11898408	30.134819	36.72186774	36.72196352	43.24670696	44.80368682	44.80368809	54.23973244	54.23973366	55.0160762	55.23936939	62.53431617	64.93685013
3	10.64025011	14.01911216	17.16349877	20.05071473	22.53782044	25.08390356	25.92705385	30.22437121	30.25446342	36.78640648	36.78662721	43.20676413	44.84539775	44.84539925	54.26840427	54.26840539	55.00678709	55.27044417	61.92669102	64.95747568
3.25	10.02241716	13.54732375	16.83917615	19.87485191	22.55005405	25.16010254	26.25838569	30.33754506	30.39122338	36.85701657	36.85749309	43.16367209	44.89090239	44.8909047	54.29963816	54.29963917	54.9967005	55.30387385	61.31593269	64.94955636
3.5	9.401515292	13.06679859	16.50009722	19.67876376	22.52439735	25.22107806	26.58749644	30.45737631	30.54788955	36.9337942	36.93476405	43.11748597	44.94024465	44.94024914	54.33345184	54.33345273	54.98581745	55.33958947	60.70241999	64.48220258
3.75	8.777839637	12.57843114	16.14785318	19.4643598	22.46696721	25.26527347	26.90304204	30.58244866	30.72746014	37.01682458	37.01869764	43.06826333	44.99347276	44.99348221	54.36986469	54.36986544	54.97413858	55.37751312	60.08647373	64.00720462
4	8.151636794	12.08296859	15.78375378	19.23332238	22.38256018	25.29176398	27.19552763	30.71110267	30.93265343	37.10617122	37.10962382	43.01606373	45.05063941	45.05065911	54.40889776	54.40889836	54.96166417	55.41755265	59.46837723	63.52532713
4.25	7.523115338	11.58104259	15.40889527	18.98712287	22.2748666	25.30015528	27.45767674	30.84150221	31.16522311	37.20186291	37.20796714	42.96094848	45.11180161	45.11184136	54.45057385	54.4505743	54.94839416	55.45958967	58.84839936	63.03721696
4.5	6.892453566	11.07319278	15.02420772	18.72704526	22.14673748	25.29047234	27.68477241	30.97171395	31.42526791	37.30387839	37.31427285	42.90298023	45.17702061	45.17709777	54.49491757	54.49491796	54.93432809	55.50344955	58.22683278	62.54342721
4.75	6.259805324	10.55988454	14.63048921	18.45421103	22.00041029	25.26305141	27.87476993	31.09978957	31.71082263	37.41212972	37.42923588	42.84222276	45.24636149	45.24650587	54.54195533	54.541956	54.91946493	55.5488117	57.60408995	62.04443557
5	5.62530446	10.04152254	14.22843123	18.16960254	21.83767717	25.21844399	28.0280009	31.22384228	32.01792494	37.52644547	37.55373002	42.77874061	45.31989255	45.32015362	54.59171561	54.59171697	54.90380296	55.59485746	56.98106007	61.54065832
5.25	4.989068298	9.518461256	13.81863785	17.87408357	21.66000422	25.15733738	28.14651709	31.34211159	32.34110284	37.64655515	37.68883211	42.71259881	45.39768429	45.39814182	54.64422894	54.64423156	54.88733941	55.63795655	56.36142652	61.03246147
5.5	4.351200361	8.991013346	13.40164069	17.56841704	21.46861474	25.08049276	28.23331502	31.45301303	32.67403478	37.77207671	37.83583314	42.64386265	45.47980799	45.48058716	54.69952792	54.69953276	54.87006991	55.60774372	55.81559333	60.52016973
5.75	3.711792545	8.459456211	12.97791067	17.25327992	21.26454737	24.98869972	28.29168177	31.55517206	33.01014176	37.90250849	37.99622429	42.57259737	45.56633366	45.56762615	54.75764729	54.75765599	54.85198624	55.07264028	55.77516767	60.00407399
6	3.07092688	7.924037343	12.5478673	16.9292757	21.0486972	24.88274467	28.32477046	31.64744248	33.34300869	38.03722712	38.17164257	42.49886799	45.65732749	45.65942001	54.44969403	54.81862336	54.81863932	54.83308892	55.82310878	59.48443806
6.25	2.42867695	7.384978663	12.11188634	16.59694479	20.82184538	24.76339016	28.33539055	31.72891127	33.66665891	38.17549185	38.36376105	42.42273905	45.75284844	45.75616082	53.82053111	54.81334571	54.88249807	54.8825237	55.87781314	58.96150522
6.5	1.785109069	6.842480079	11.67030591	16.25677324	20.58468074	24.63136247	28.32594494	31.79889178	33.97575345	38.31645552	38.57411575	42.34427442	45.85294418	45.85807886	53.18904656	54.79274198	54.94930983	54.9493533	55.93538007	58.4355059
6.75	1.14028325	6.296722433	11.22343162	15.90920001	20.33781606	24.487345	28.29844702	31.85690815	34.26576997	38.45918137	38.80387814	42.26353712	45.95764629	45.96545136	52.55609121	54.77123308	55.01910385	55.01917583	55.99495556	57.90666855
7	0.4942540184	5.74786996	10.77154081	15.55462304	20.08180048	24.33197569	28.2545713	31.90267333	34.5331713	38.60266452	39.05360783	42.18058916	46.06696468	46.07861256	51.92198581	54.74874173	55.09192613	55.0920431	56.0562104	57.37523935
7.25	-0.1529289082	5.196072354	10.31488608	15.19340445	19.81712919	24.16584696	28.19571199	31.93606355	34.77553169	38.74585652	39.32304198	42.0954914	46.18088157	46.19796489	51.28689575	54.72511394	55.16782485	55.16801156	56.1189669	56.84152643
7.5	-0.8012200446	4.641466513	9.853698291	14.82587486	19.54425114	23.98950732	28.12303737	31.95709132	34.9915727	38.88769119	39.61098099	42.00830349	46.29934502	46.32399077	50.6509258	54.69999632	55.24685003	55.24714308	56.18310322	56.30602611
7.75	-1.450577647	4.084178024	9.38818911	14.4523371	19.26357523	23.80346384	28.03753577	31.96587893	35.18107929	39.02711027	39.91530428	41.91908391	46.4222625	46.45726413	50.01415224	54.67237148	55.32905324	55.3295059	55.76987757	56.24853348
8	-2.100963293	3.524322435	8.918553186	14.07306938	18.97547544	23.60818505	27.94005259	31.9626338	35.34470723	39.16308726	40.23310632	41.82789047	46.54949468	46.59846032	49.3766361	54.63774786	55.23770102	55.4144872	55.41517573	56.31516836
8.25	-2.75234152	2.962006346	8.444970006	13.68832805	18.68029504	23.404104	27.83131931	31.94762648	35.48372891	39.29464865	40.56090546	41.73478241	46.68084989	46.74836205	48.73842947	54.54075017	54.76497796	55.50320483	55.50423726	56.38294023
8.5	-3.404679514	2.397328357	7.96760551	13.29834986	18.37835014	23.1916213	27.71197595	31.9211719	35.59977566	39.42089147	40.89486179	41.63983089	46.81607977	46.90785843	48.09957916	54.10211932	54.63106958	55.59525893	55.59678582	56.4517825
8.75	-4.05794684	1.830379885	7.486613486	12.9033541	18.06993275	22.97110798	27.58258839	31.88361377	35.69462114	39.54099713	41.23087937	41.54322035	46.95487635	47.077933	47.46012916	53.56604045	54.59188546	55.69070078	55.69292951	56.52163253
9	-4.712115202	1.261245879	7.002136786	12.50354428	17.75531327	22.74290816	27.44366173	31.83531208	35.77002552	39.65424096	41.44317534	41.56684156	46.82012262	47.09687088	47.25963652	53.02002633	54.56000091	55.78957894	55.79279171	56.59243065
9.25	-5.367158237	0.690005448	6.514308388	12.09910973	17.4347428	22.50734157	27.29565063	31.77663346	35.82763962	39.75999796	41.34358239	41.89511336	46.17960476	47.24163484	47.45403938	52.47016428	54.52941073	55.89193772	55.89651408	56.66411952
9.5	-6.023051335	0.1167324103	6.023252335	11.69022694	17.10845501	22.26470571	27.13896738	31.7079438	35.86895693	39.85774469	41.24157244	42.21505863	45.53862575	47.38868287	47.66216275	51.91776055	54.49888538	55.99781537	56.00425997	56.73664354
9.75	-6.679771478	-0.4585042221	5.529084554	11.27706076	16.77666783	22.01527792	26.97398828	31.62960293	35.89529845	39.94705791	41.13778888	42.52285904	44.89724707	47.53747794	47.88488746	51.36329425	54.46801753	56.1072419	56.1162185	56.80994706
10	-7.337297093	-1.035639813	5.031913585	10.85976544	16.43958492	21.75931716	26.80105868	31.54196092	35.90781727	40.02761048	41.03225975	42.81571907	44.25555261	47.68743824	48.12284916	50.80700523	54.43663465	56.22023674	56.23260902	56.88395264
10.25	-7.995607933	-1.61461372	4.53184123	10.43848557	16.09739697	21.49706569	26.62049709	31.44535556	35.90751341	40.099165	40.92493161	43.09138749	43.61367339	47.83794576	48.37633209	50.24904156	54.40465184	56.33680607	56.3536861	56.66988914
10.5	-8.654684959	-2.195368957	4.028963125	10.01335693	15.75028283	21.22875046	26.43259849	31.34011088	35.89525267	40.16156587	40.8156357	42.97184047	43.34819842	47.98835594	48.64517925	49.68950877	54.37202298	56.19375725	56.45694003	56.47974487
10.75	-9.314510244	-2.777851888	3.523369258	9.584507222	15.39841055	20.95458447	26.23763707	31.22653632	35.871786	40.21473037	40.70391843	42.33057977	43.58507218	48.13800813	48.92873653	49.12848963	54.33872121	55.71518424	56.58060967	56.61112625
11	-9.975066878	-3.362011957	3.015144424	9.152056704	15.04193828	20.67476794	26.03586848	31.10492649	35.83776749	40.25863928	40.58837543	41.69134887	43.80152729	48.28623633	48.56605326	49.22584226	54.30473011	55.2342779	56.70776403	56.74822207
11.25	-10.63633889	-3.947801445	2.504368639	8.716118827	14.68101505	20.38948934	25.82753183	30.97556129	35.79377015	40.29332738	40.46255373	41.06065836	43.99759613	48.00225969	48.4323798	49.53486334	54.2700392	54.75112146	56.83832708	56.89147833
11.5	-11.29831117	-4.535175245	1.991117514	8.276800746	14.31578154	20.09892633	25.61285123	30.83870621	35.74029938	40.25346619	40.31887444	40.51154955	44.17373873	47.43716265	48.57579301	49.85376888	54.23464131	54.26579207	56.97219504	57.04139479
11.75	-11.96096943	-5.124090671	1.475462588	7.834203808	13.94637068	19.80324667	25.3920373	30.6946129	35.67780419	39.71090381	40.29428321	40.33539664	44.33073048	46.87081087	48.71585506	50.18022542	53.77836102	54.19853269	57.10923384	57.19851173
12	-12.62430008	-5.714507273	0.9574716331	7.388423987	13.5729083	19.50260892	25.1652883	30.54351982	35.60668641	39.07963526	40.16414029	40.34303896	44.46955086	46.30324924	48.85197769	50.51169779	53.2888976	54.16170883	57.24927716	57.36333035
12.25	-13.28829026	-6.306386677	0.4372089255	6.939552277	13.1955136	19.19716316	24.93279125	30.38565285	35.52730829	38.43863329	40.04219554	40.34196834	44.59128559	45.73451942	48.98361213	50.84554325	52.79746606	54.12416724	57.39212498	57.53511975
12.5	-13.95292773	-6.899692434	-0.08526450143	6.487675051	12.81429967	18.88705166	24.69472283	30.2212261	35.43999859	37.7947638	39.92162867	40.33236773	44.69704927	45.16466031	49.11025463	51.17909328	52.3041277	54.08590516	57.53754283	57.65252369
12.75	-14.61820083	-7.494389892	-0.6098906317	6.032874385	12.42937393	18.57240936	24.45125027	30.05044252	35.34505762	37.14953746	39.80097274	40.31443118	44.59370842	44.78793017	49.23145042	51.50972242	51.80894075	54.04691939	57.68526178	57.73264895
13	-15.28409848	-8.090446065	-1.13661426	5.575228357	12.04083847	18.25336447	24.20253201	29.87349465	35.2427613	36.50347669	39.67974734	40.28835961	44.02169814	44.86495509	49.34679629	51.31196028	51.83490783	54.00720572	57.81223343	57.83497936
13.25	-15.95061009	-8.687829526	-1.665382801	5.114811313	11.6487905	17.93003892	23.9487184	29.69056525	35.13336443	35.85681322	39.55776107	40.25435744	43.44866195	44.92906998	49.45594185	50.81323929	52.15228176	53.96675808	57.89187074	57.94081438
13.5	-16.61772556	-9.286510306	-2.196146119	4.65169412	11.25332261	17.60254875	23.6899523	29.50182795	35.01710281	35.20966885	39.43493159	40.21262989	42.87463063	44.98113229	49.55858949	50.31282772	52.45968308	53.92556727	57.51442849	57.97161947
13.75	-17.28543524	-9.886459793	-2.728856367	4.185944387	10.85452309	17.27100455	23.4263696	29.30744782	34.56211082	34.89420098	39.31122473	40.16338082	42.29963335	45.02191103	49.65449318	49.81077343	52.75520439	53.88361881	57.08576649	58.05147026
14	-17.95372991	-10.48765065	-3.263467841	3.717626679	10.45247624	16.93551181	23.15809972	29.10758195	33.91419116	34.76485935	39.18663	40.10681111	41.72369786	45.0520914	49.30712204	49.74345643	53.03723527	53.84088912	56.65491783	58.13140306
14.25	-18.62260072	-11.09005674	-3.79993685	3.246802704	10.04726256	16.59617122	22.88526602	28.90237993	33.26593905	34.62927464	39.06114944	40.04311745	41.1468506	45.07228197	48.80191716	49.8253294	53.30449621	53.79733786	56.22198679	58.21139204
14.5	-19.29203923	-11.69365305	-4.338221587	2.773531488	9.638959068	16.25307901	22.60798621	28.69198437	32.61737874	34.48762887	38.93479201	39.97249135	40.56911686	45.08302291	48.29520049	49.90000546	53.55605816	53.75289164	55.78710807	58.29140977
14.75	-19.96203731	-12.2984156	-4.878282017	2.297869543	9.227639432	15.90632721	22.32637276	28.47653132	31.96852897	34.34009416	38.80757059	39.89511554	39.99052388	45.08479419	47.78701196	49.96741735	53.70740413	53.79134408	55.35048675	58.37142824
15	-20.63258717	-12.90432144	-5.420079776	1.819871012	8.813374227	15.5560039	22.04053316	28.2561507	31.319405	34.18683338	38.67950028	39.41108185	39.81118271	45.07802345	47.2773898	50.02753315	53.66054167	54.01011033	54.91251309	58.45141918
15.25	-21.30368133	-13.51134851	-5.963578068	1.33958781	8.396231091	15.20219346	21.75057029	28.03096665	30.67001965	34.02800099	38.55059738	38.83082814	39.7208511	45.06309305	46.76637073	50.08035209	53.61135719	54.21241105	54.47418834	58.53135387
15.5	-21.97531261	-14.11947567	-6.508741577	0.8570697482	7.976274906	14.84497678	21.45658266	27.80109793	30.02038402	33.86374376	38.24977712	38.42087883	39.62429457	45.04034639	46.25398999	50.12590053	53.55583206	54.03958334	54.39854862	58.61120256
15.75	-22.64747409	-14.72868258	-7.055536385	0.3723646603	7.55356795	14.48443146	21.1586647	27.5666582	29.37050788	33.69420133	37.66794931	38.29036156	39.52167382	45.01009334	45.74028154	50.16422797	53.45253035	53.65018424	54.56901779	58.69093301
16	-23.32015911	-15.33894971	-7.603929894	-0.1144814936	7.128170047	14.12063201	20.85690697	27.32775637	28.7204	33.51950681	37.08536397	38.15906256	39.41314358	44.97261443	45.22527861	50.19540336	53.10217471	53.50531675	54.72444919	58.77050694
16.25	-23.99336127	-15.95025825	-8.153890752	-0.6034245216	6.700138698	13.75365001	20.55139641	27.08449683	28.07006838	33.33978725	36.50203959	38.02699847	39.29885253	44.70900818	44.92817052	50.21951172	52.66529682	53.44449575	54.8655576	58.84986998
16.5	-24.66707436	-16.56259011	-8.705388786	-1.094421905	6.269529212	13.38355426	20.24221653	26.83697975	27.41952033	33.15516404	35.91799392	37.89418545	39.17894347	44.19150845	44.87698875	50.23665099	52.21840205	53.39126083	54.9930981	58.92891581
16.75	-25.34129245	-17.17592786	-9.258394942	-1.587432708	5.836394822	13.01041098	19.92944761	26.58530132	26.76876264	32.96575335	35.333244	37.76063914	39.05355355	43.67280411	44.81929034	50.24692929	51.76769759	53.33944811	55.10783169	59.00728845
17	-26.01600976	-17.79025468	-9.812881226	-2.082417499	5.40078679	12.63428388	19.61316687	26.11780166	26.32955394	32.77166642	34.74780621	37.62637445	38.92281442	43.15292461	44.75527476	50.25046248	51.31448221	53.2878007	55.21050014	59.08074726
17.25	-26.69122075	-18.40555438	-10.36882065	-2.579338266	4.962754517	12.25523434	19.29344861	25.46664331	26.06982645	32.57300991	34.1616963	37.49140548	38.78685255	42.63189812	44.68512806	50.24737198	50.85920958	53.23590543	55.30180918	58.84295841
17.5	-27.36692003	-19.02181132	-10.92618716	-3.078158353	4.522345631	11.87332151	18.97036442	24.8152932	25.80620432	32.36988617	33.57492942	37.35574535	38.64578938	42.10975235	44.60902394	50.23778187	50.40209361	53.18358871	55.38241842	58.45202998
17.75	-28.04310241	-19.6390104	-11.48495565	-3.578842384	4.079606081	11.48860245	18.64398327	24.16375659	25.53876986	32.1623935	32.98752016	37.21940589	38.49974163	41.58651489	44.52712512	49.94324989	50.22182652	53.130766	55.45293642	58.05747516
18	-28.71976287	-20.25713703	-12.04510184	-4.081356204	3.634580218	11.10113217	18.31437167	23.51203852	25.26760233	31.95062639	32.39948259	37.08239727	38.34882148	41.06221365	44.43958463	49.48276991	50.1996249	53.07739208	55.51391949	57.66060787
18.25	-29.39689654	-20.87617712	-12.60660227	-4.585666821	3.187310874	10.71096383	17.98159378	22.86014374	24.99277812	31.73467573	31.81083025	36.94472735	38.19313679	40.53687759	44.34654678	49.02070967	50.17131078	53.02344125	55.565873	57.26165856
18.5	-30.0744987	-21.49611702	-13.16943428	-5.091742346	2.737839436	10.31814872	17.64571154	22.20807681	24.71437093	31.22157621	31.51462903	36.80640053	38.03279134	40.0105379	44.24814808	48.55711905	50.13701149	52.96889843	55.60925417	56.86072384
18.75	-30.75256478	-22.11694354	-13.73357594	-5.599551943	2.286205913	9.922736455	17.30678476	21.55584204	24.43245186	30.63173309	31.29057058	36.66741567	37.86788503	39.4832301	44.14451799	48.09204025	50.0968533	52.91375466	55.64447551	56.45786576
19	-31.43109035	-22.73864392	-14.29900604	-6.109065781	1.832449002	9.524774971	16.96487124	20.9034436	24.14708954	30.04131306	31.06258162	36.527762	37.69851406	38.95499823	44.03577956	47.62551064	50.05096045	52.85800479	55.67190699	56.05313573
19.25	-32.11007111	-23.36120578	-14.86570403	-6.620254984	1.376606149	9.124310649	16.62002686	20.25088546	23.8583503	29.45032787	30.83074054	36.38741032	37.52477109	38.42590365	43.92205001	47.15756419	49.99945478	52.80164608	55.64647132	55.69199
19.5	-32.78950288	-23.98461714	-15.43365001	-7.133091591	0.9187136037	8.721388375	16.27230565	19.59817142	23.56629821	28.85878889	30.59512297	36.24629176	37.34674548	37.89604636	43.80344122	46.68823233	49.94245534	52.7446774	55.23818471	55.70475566
19.75	-33.46938161	-24.60886637	-16.0028247	-7.647548515	0.4588064778	8.316051605	15.92175991	18.94530515	23.27099525	28.26670709	30.35580197	36.10423719	37.16452341	37.36562557	43.68006015	46.2175445	49.88007826	52.68709873	54.82806639	55.71072593
20	-34.14970336	-25.23394222	-16.57320942	-8.1635995	-0.003081208589	7.908342432	15.56844024	18.29229019	22.97250135	27.6740931	30.11284809	35.96075585	36.83516118	36.97818803	43.55200922	45.74552851	49.81243653	52.6289108	54.41622136	55.71008143
20.25	-34.83046429	-25.85983373	-17.14478603	-8.681219091	-0.4669164767	7.498301649	15.21239565	17.63912993	22.67087453	27.08095721	29.86632957	35.81377898	36.30675018	36.78781963	43.41938662	45.27221081	49.73963999	52.57011494	54.00268432	55.7030496
20.5	-35.51166068	-26.48653031	-17.71753694	-9.200382593	-0.9326673446	7.085968798	14.85367359	16.9858277	22.36617094	26.48730937	29.61631241	35.63929919	35.80442726	36.59349576	43.28228666	44.79761666	49.66179522	52.51071284	53.58748725	55.68984
20.75	-36.19328891	-27.11402164	-18.29144508	-9.721066043	-1.400302784	6.671382232	14.49232002	16.33238671	22.05844499	25.89315924	29.36286045	35.21089197	35.55464338	36.39529139	43.14079995	44.32177027	49.57900561	52.45070652	53.17066074	55.67064549
21	-36.87534544	-27.7422977	-18.86649388	-10.24324618	-1.869792682	6.254579161	14.12837939	15.67881019	21.74774939	25.29851616	29.10603551	34.68363848	35.40234304	36.19327899	42.99501371	43.84469491	49.49137133	52.39009819	52.75223421	55.64564416
21.25	-37.55782683	-28.37134877	-19.44266722	-10.7669004	-2.341107799	5.835595702	13.76189464	15.02510143	21.43413521	24.70338922	28.84589748	34.14955619	35.25553361	35.98752867	42.84501195	43.36641298	49.3989894	52.32888999	52.33223636	55.61500097
21.5	-38.24072973	-29.00116539	-20.01994946	-11.29200677	-2.814219736	5.414466924	13.39290697	14.37126411	21.11765197	24.10778727	28.58250435	33.61329394	35.10959034	35.77810829	42.69087564	42.8869461	49.30195379	51.91069391	52.26708523	55.57886935
21.75	-38.92405087	-29.63173834	-20.59832538	-11.81854395	-3.289100899	4.991226889	13.02145489	13.71730322	20.79834767	23.51171891	28.31591237	33.0757054	34.96368293	35.56508357	42.40631515	42.53268294	49.20035543	51.4876343	52.20468569	55.5373925
22	-39.60778707	-30.26305868	-21.17778017	-12.34649119	-3.765724466	4.565908698	12.64756954	13.06322989	20.47626884	22.91519257	28.04617608	32.53706985	34.81755478	35.34851816	41.92454032	42.37050928	49.09428236	51.06308308	52.14169428	55.49070455
22.25	-40.29193522	-30.89511769	-21.75829946	-12.87582832	-4.24406436	4.138544522	12.27121249	12.40912362	20.15146054	22.31821651	27.77334835	31.9975109	34.67110428	35.12847373	41.44164115	42.20442758	48.98381981	50.6370653	52.07811368	55.43893152
22.5	-40.97649228	-31.52790687	-22.33986921	-13.40653572	-4.724095211	3.709165646	11.75444983	11.89295817	19.82396635	21.72079896	27.49748053	31.45709556	34.52428582	34.90501011	40.95763657	42.03450834	48.86905026	50.20960526	52.01394656	55.38219221
22.75	-41.66145528	-32.16141797	-22.9224758	-13.93859428	-5.205792341	3.277802499	11.10010394	11.51194993	19.49382832	21.12294823	27.21862241	30.91586606	34.37707792	34.67818529	40.47254494	41.86081978	48.75005358	49.78072655	51.94919558	55.32059894
23	-42.34682135	-32.79564293	-23.50610595	-14.47198541	-5.689131724	2.84448469	10.44555359	11.12875782	19.16108663	20.52467305	26.93682237	30.37385233	34.22947087	34.44805557	39.98638407	41.68342794	48.62690711	49.35045209	51.88386335	55.25425817
23.25	-43.03258764	-33.43057389	-24.0907467	-15.006691	-6.174089973	2.409241036	9.790876882	10.74334036	18.82577897	19.9259833	26.65212733	29.83107755	34.08146115	34.21467558	39.49917126	41.5023968	48.49968576	48.91880415	51.81795241	55.18327109
23.5	-43.71875138	-34.06620319	-24.67638546	-15.54269339	-6.660644307	1.972099597	9.1360844	10.35572265	18.48793846	19.32689211	26.36458286	29.28756088	33.93304875	33.97809838	39.01092329	41.31778835	48.36846211	48.48580438	51.7514652	55.10773406
23.75	-44.40530989	-34.70252338	-25.26300992	-16.0799754	-7.148772535	1.533087698	8.481180482	9.965935025	18.14758608	18.72742351	26.07423319	28.743319	33.73837548	33.78423572	38.5216565	41.12966274	48.05147382	48.23330649	51.684404	55.02773908
24	-45.0922605	-35.33952716	-25.85060811	-16.61852026	-7.638453029	1.092231961	7.826167974	9.574008417	17.80468696	18.12765616	25.78112117	28.19836696	33.49555697	33.63502533	38.03138675	40.93807829	47.61583295	48.0942871	51.6167709	54.94337413
24.25	-45.77960064	-35.97720742	-26.43916833	-17.15831164	-8.129664708	0.64955833	7.171049184	9.179973402	17.45815251	17.52872128	25.48528832	27.65271873	33.2496915	33.48542163	37.54012949	40.74309162	47.17890169	47.95147004	51.54856773	54.8547235
24.5	-46.46732776	-36.61555723	-27.02867917	-17.69933358	-8.622387014	0.2050920924	6.51582616	8.783859961	16.92557539	17.11306772	25.18677467	27.10638771	33.00082639	33.33542912	37.04789977	40.54475771	46.74069943	47.80491946	51.47979593	54.76186808
24.75	-47.15543938	-37.25456979	-27.6191295	-18.24157054	-9.116599899	-0.2411420937	5.860500799	8.385697403	16.32484733	16.76284419	24.88561863	26.55938709	32.74900763	33.18505259	36.55471224	40.34312996	46.30124505	47.65469761	51.41045645	54.66488562
25	-47.84393307	-37.89423849	-28.21050846	-18.78500734	-9.6122838	-0.6891201793	5.205074891	7.985514348	15.7234688	16.41058959	24.58185652	26.0117305	32.49427998	33.03429696	36.06058121	40.13826028	45.86055695	47.5008649	51.34054952	54.56385093
25.25	-48.53280645	-38.53455685	-28.80280542	-19.32962916	-10.10941963	-1.138818702	4.549550142	7.583338734	15.12166448	16.05611765	24.27552158	25.46343316	32.23668694	32.88316724	35.56552061	39.93019913	45.41865303	47.34348001	51.27007433	54.4588361
25.5	-49.22205719	-39.17551855	-29.39601003	-19.87542154	-10.60798875	-1.590214769	3.893928189	7.17919783	14.51947409	15.69942604	23.96664146	24.91451449	31.97627084	32.73166845	35.06954411	39.71899558	44.97555075	47.18259994	51.19902858	54.34991066
25.75	-49.91168298	-39.8171174	-29.99011214	-20.42237034	-11.10797297	-2.04328603	3.238210607	6.773118251	13.91691333	15.34053555	23.65523055	24.36500582	31.71307283	32.57980558	34.57266506	39.50469739	44.53126714	47.01828008	51.12740765	54.23234962
26	-50.60168159	-40.45934736	-30.58510188	-20.97046176	-11.60935451	-2.498010669	2.582398913	6.365125981	13.31399163	14.97947236	23.34125974	23.81498078	31.4471329	32.42758357	34.0748966	39.287351	44.08581879	46.85057427	51.0552033	53.83939369
26.25	-51.29205081	-41.10220251	-31.18096955	-21.51968231	-12.11211603	-2.954367377	1.926494571	5.95524639	12.71071605	14.6162641	23.0244504	23.26476135	31.1784899	32.27500732	33.57625165	39.06700168	43.63922188	46.67953486	50.98240123	53.44507404
26.5	-51.98278846	-41.74567706	-31.7777057	-22.07001881	-12.61624055	-3.412335342	1.270498998	5.543504253	12.10709262	14.2509386	22.69188273	22.72730951	30.90718145	32.1220816	33.07674308	38.84369346	43.19149221	46.50521279	50.90897653	53.04943829
26.75	-52.67389244	-42.38976534	-32.37530107	-22.62145836	-13.12171151	-3.871894228	0.6144135604	5.129923774	11.50312678	13.8835235	22.15859684	22.38762633	30.63324391	31.96881113	32.57638375	38.61746928	42.74264519	46.32765761	50.83488417	52.65255368
27	-53.36536065	-43.0344618	-32.97374661	-23.17398836	-13.62851269	-4.333024163	-0.04176041904	4.714528595	10.89882361	13.51404598	21.60662463	22.06372001	30.35671218	31.81520052	32.07518677	38.38837093	42.29269589	46.14691758	50.76003717	52.25452892
27.25	-54.05719105	-43.67976101	-33.57303346	-23.72759647	-14.13662825	-4.795705721	-0.698021661	4.297341822	10.29418793	13.14253274	21.05361767	21.73797811	30.07761935	31.5731659	31.66125432	38.1564392	41.84165898	45.96303967	50.68424845	51.85557237
27.5	-54.74938161	-44.32565766	-34.17315295	-24.28227064	-14.64604269	-5.259919909	-1.354368928	3.878386039	9.689224336	12.76900995	20.49992458	21.4100902	29.79599595	31.07033639	31.50697689	37.92171379	41.38954885	45.77606962	50.60704021	51.45618269
27.75	-55.44193036	-44.97214652	-34.77409659	-24.83799906	-15.15674085	-5.725648154	-2.010801022	3.457683325	9.083937297	12.39350321	19.94562074	21.08001817	29.51186821	30.56671659	31.35237257	37.68423347	40.93637955	45.58605203	50.52676559	51.05802711
28	-56.13483535	-45.61922249	-35.37585607	-25.39477016	-15.6687079	-6.192872289	-2.667316784	3.035255268	8.478331115	12.01603761	19.39073605	20.74776851	29.22525373	30.06233251	31.19744557	37.444036	40.48216481	45.39303033	50.43273715	50.67181309
28.25	-56.82809467	-46.26688055	-35.97842326	-25.95257265	-16.18192931	-6.661574541	-3.323915094	2.611122982	7.872409968	11.63663766	18.83528735	20.41335993	28.93614801	29.55723124	31.04220001	37.20115823	40.02691809	45.1970469	50.20247313	50.42004194
28.5	-57.52170643	-46.91511581	-36.58179016	-26.51139545	-16.69639089	-7.131737518	-3.980594865	2.185307124	7.266177915	11.25532738	18.27928651	20.0768153	28.64446896	29.05153642	30.88663988	36.95563609	39.57065259	44.99814302	49.81722142	50.321485
28.75	-58.21566878	-47.56392345	-37.18594898	-27.07122769	-17.2120787	-7.603344198	-4.637355047	1.757827902	6.659638908	10.87213026	17.72274303	19.73815902	28.34964448	28.54586081	30.73076909	36.70750463	39.11338126	44.79635901	49.4144217	50.23872137
29	-58.9099799	-48.21329874	-37.79089206	-27.63205876	-17.72897914	-8.076377918	-5.294194622	1.328705093	6.052796789	10.48706929	17.16566524	19.39741597	28.0230039	28.06891479	30.57459145	36.45679797	38.65511683	44.59173417	49.00752032	50.15832316
29.25	-59.60463799	-48.86323705	-38.39661188	-28.19387825	-18.24707884	-8.550822362	-5.951112608	0.8979580555	5.445655307	10.10016696	16.60806068	19.054611	27.52586559	27.7594188	30.41811066	36.20354938	38.1958719	44.38430688	48.59842444	50.07840127
29.5	-49.51373383	-39.00310109	-28.75667593	-18.76636475	-9.026661552	-6.608108051	0.4656057417	4.838218111	9.711445293	16.04993643	18.70976876	27.017656	27.45798436	30.26133031	35.94779116	37.73565895	44.1741146	48.18767912	49.99842839	52.12411748
29.75	-50.16478462	-39.61035246	-29.32044182	-19.28682406	-9.50387984	-7.26518003	0.03166670835	4.230488763	9.32092586	15.49129919	18.36291357	26.50815038	27.15487335	30.1042539	35.68955462	37.27449049	43.96119389	47.77550411	49.91820216	51.9574708
30	-50.81638505	-40.21835893	-29.88516611	-19.8084442	-9.982461892	-7.922327652	-0.4038408702	3.622470736	8.928629771	14.93215538	18.01406934	25.99776778	26.84970302	29.94688482	35.4288699	36.81237924	43.7455805	47.36200947	49.83762957	51.78785765
