x_0(nm)	Estado_1(eV)	Estado_2(eV)	Estado_3(eV)	Estado_4(eV)	Estado_5(eV)	Estado_6(eV)	Estado_7(eV)	Estado_8(eV)	Estado_9(eV)	Estado_10(eV)	Estado_11(eV)	Estado_12(eV)	Estado_13(eV)	Estado_14(eV)	Estado_15(eV)	Estado_16(eV)	Estado_17(eV)	Estado_18(eV)	Estado_19(eV)	Estado_20(eV)
7	-0.06373681705	-0.05261201644	-0.04203674735	-0.03180408219	-0.02947686807	-0.02182435125	-0.01659621984	-0.01195449954	-0.0051709687	-0.001815739265	0.004745382105	0.008895548884	0.01253324916	0.01380459507	0.01966121248	0.02240661622	0.02673013567	0.03017232157	0.03067910926	0.03865229052
7.2	-0.06373682369	-0.05261201987	-0.04203675887	-0.03180409442	-0.02947717832	-0.02182436291	-0.01659641805	-0.01195450719	-0.005171243056	-0.00181579202	0.004745167174	0.008895392493	0.01253070396	0.01380441545	0.01966096287	0.02240640901	0.02672854195	0.03017206106	0.03067888665	0.0386520646
7.4	-0.06373683219	-0.05261202422	-0.04203677414	-0.03180411128	-0.0294775867	-0.02182437985	-0.01659668166	-0.01195451897	-0.005171616506	-0.001815862448	0.004744863909	0.008895178994	0.01252730735	0.01380415475	0.01966061337	0.02240610942	0.02672640462	0.03017168581	0.03067856615	0.03865174143
7.6	-0.06373684428	-0.05261203078	-0.04203679551	-0.03180413512	-0.02947814847	-0.02182440397	-0.01659705301	-0.01195453671	-0.005172127814	-0.001815960479	0.00474445015	0.00889488436	0.01252271417	0.01380380037	0.01966013188	0.02240570643	0.02672347654	0.03017116809	0.03067813551	0.03865130645
7.8	-0.06373686099	-0.05261203997	-0.04203682471	-0.03180416807	-0.02947891083	-0.02182443719	-0.01659756236	-0.0119545611	-0.005172820079	-0.001816095001	0.004743892786	0.008894482519	0.01251653289	0.01380332386	0.01965948141	0.0224051657	0.026719508	0.03017046772	0.03067755652	0.03865072134
8	-0.06373688354	-0.052612052	-0.04203686265	-0.03180421016	-0.02947993336	-0.02182447872	-0.01659823809	-0.0119545912	-0.005173722639	-0.001816270428	0.00474317146	0.008893961089	0.0125082442	0.01380270734	0.01965863545	0.02240446388	0.02671418457	0.03016955743	0.0306768019	0.03864995773
8.2	-0.06373691421	-0.05261206882	-0.04203691468	-0.03180426939	-0.0294813101	-0.02182453873	-0.01659916438	-0.01195463643	-0.005174957724	-0.001816511321	0.004742173684	0.008893242172	0.01249712637	0.01380184796	0.01965746236	0.02240349102	0.0267069871	0.03016828428	0.0306757572	0.03864890531
8.4	-0.06373695497	-0.05261209175	-0.04203698494	-0.03180435024	-0.02948314417	-0.02182462064	-0.01660041768	-0.0119546985	-0.005176618807	-0.001816837383	0.004740832989	0.008892271181	0.01248226442	0.01380069313	0.01965587839	0.022402187	0.0266972996	0.0301665612	0.03067435351	0.03864749173
8.6	-0.06373701226	-0.05261212438	-0.04203708052	-0.03180446038	-0.02948564515	-0.0218247325	-0.01660213801	-0.0119547859	-0.005178855522	-0.001817281652	0.004739032986	0.008890961425	0.01246224464	0.01379914135	0.01965374121	0.02240043898	0.02668417927	0.03016422857	0.03067246838	0.03864559136
8.8	-0.06373708879	-0.05261216809	-0.04203720711	-0.03180460589	-0.02948897964	-0.02182487944	-0.01660444041	-0.01195490165	-0.005181819393	-0.001817871682	0.004736652548	0.008889228819	0.01243546103	0.01379708564	0.01965090087	0.02239812037	0.02666657581	0.0301611228	0.03066995875	0.03864306842
9	-0.0637371927	-0.05261222807	-0.04203737859	-0.03180480626	-0.02949345683	-0.02182508449	-0.01660756157	-0.01195506488	-0.005185832498	-0.001818673571	0.004733419306	0.00888687029	0.01239953435	0.01379428938	0.01964702813	0.02239497139	0.02664287762	0.03015687981	0.0306665411	0.03863963985
9.2	-0.06373733431	-0.05261231103	-0.04203761004	-0.03180507721	-0.02949947841	-0.02182536166	-0.01661179542	-0.01195528975	-0.005191220107	-0.001819759788	0.004729088557	0.008883704833	0.01235128581	0.01379053826	0.01964181674	0.02239074244	0.02661093324	0.03015115324	0.03066193129	0.03863502776
9.4	-0.06373752544	-0.05261242407	-0.04203792096	-0.03180544286	-0.02950754224	-0.02182573644	-0.01661750515	-0.01195559687	-0.005198451237	-0.001821224419	0.004723281028	0.008879455483	0.0122865176	0.01378550318	0.0196347979	0.02238505185	0.02656796124	0.03014343161	0.03065569429	0.03862881182
9.6	-0.06373778548	-0.05261257883	-0.0420383391	-0.03180593646	-0.02951838233	-0.02182624414	-0.0166252206	-0.01195601864	-0.005208175201	-0.001823202618	0.004715475963	0.008873746985	0.01219936966	0.01377873017	0.01962532626	0.02237737068	0.02651005989	0.03013299725	0.03064722212	0.03862041413
9.8	-0.06373813764	-0.05261279011	-0.04203890185	-0.03180660303	-0.02953293424	-0.02182693138	-0.01663563953	-0.01195659577	-0.005221274989	-0.001825877195	0.004704969833	0.008866073154	0.01208200688	0.01376960722	0.01961253136	0.0223669644	0.02643201543	0.0301188909	0.03063564719	0.03860902887
10	-0.063738615	-0.05261308033	-0.04203966402	-0.03180750984	-0.02955249741	-0.0218278689	-0.01664976204	-0.01195739184	-0.00523902979	-0.001829518398	0.004690740908	0.008855699495	0.01192365082	0.01375724498	0.01959515858	0.02235274647	0.02632660152	0.03009972184	0.03061965669	0.03859346895
10.2	-0.06373926432	-0.05261347788	-0.04204069442	-0.03180873858	-0.02957887566	-0.02182914261	-0.01666889863	-0.0119584847	-0.005263132175	-0.001834470879	0.004671434891	0.008841691645	0.0117094474	0.01374046403	0.01957155681	0.02233320339	0.02618403637	0.03007366638	0.03059733989	0.03849168975
10.4	-0.06374014736	-0.05261402145	-0.04204209008	-0.031810406	-0.02961451252	-0.02183087524	-0.01669485899	-0.0119599832	-0.005296026884	-0.001841227817	0.004645093721	0.008822728555	0.01141913539	0.01371756206	0.01953937756	0.02230603049	0.02599095664	0.03003813216	0.03056562056	0.03798445654
10.6	-0.06374134863	-0.05261476724	-0.04204399161	-0.03181268015	-0.02966280796	-0.0218332421	-0.01673022648	-0.01196204599	-0.005341310911	-0.001850513085	0.004608831536	0.00879692988	0.01102505041	0.01368602134	0.01949525381	0.0222675449	0.02572899158	0.02998936277	0.03051916444	0.03715610354
10.8	-0.06374299392	-0.05261579496	-0.04204659829	-0.03181579869	-0.02972871764	-0.02183649557	-0.01677868307	-0.01196489973	-0.005404362763	-0.00186337917	0.004558324076	0.008761607429	0.01048954855	0.01364208617	0.0194343176	0.02221152827	0.02537330227	0.02992193089	0.03044769651	0.03591506385
11	-0.06374525216	-0.05261721283	-0.04205019659	-0.03182009818	-0.02981925146	-0.02184098765	-0.01684545587	-0.01196885487	-0.005493438257	-0.001881403053	0.00448692444	0.008712927741	0.009763440143	0.01357996159	0.01934953111	0.02212623602	0.02489230068	0.02982785179	0.03032736274	0.03433375428
11.2	-0.06374837059	-0.0526191789	-0.04205522023	-0.03182608296	-0.02994489169	-0.02184724637	-0.01693835126	-0.01197437198	-0.005622002857	-0.001907112917	0.004383813175	0.008645183648	0.008785467292	0.01349021654	0.01923037007	0.02198526876	0.0242520458	0.02969491651	0.03008529031	0.03266153237
11.4	-0.06375271631	-0.05262192377	-0.04206234315	-0.03183452178	-0.03012176369	-0.02185607645	-0.01706927814	-0.01198213776	-0.005813236497	-0.001944835725	0.004230489865	0.007487615985	0.008549771174	0.01335669147	0.0190609973	0.02171224479	0.02344807176	0.02946713354	0.02950409707	0.03132169483
11.6	-0.06375884882	-0.05262580473	-0.04207268697	-0.03184666862	-0.03037568238	-0.02186878447	-0.0172575062	-0.01199324754	-0.00611046767	-0.002002985333	0.003993017294	0.005812283753	0.008413343446	0.01314968231	0.01881748184	0.02105654306	0.02262932577	0.028246776	0.02922484882	0.03064126249
11.8	-0.06376765397	-0.05263136599	-0.04208821031	-0.03186462639	-0.03075006326	-0.02188754999	-0.01753506253	-0.01200944272	-0.006601271076	-0.002100960336	0.00360512745	0.003753619676	0.008215701411	0.01281068252	0.01846607166	0.01967932512	0.02202633009	0.02685815427	0.02880917359	0.03021114828
12	-0.06378062394	-0.05263951198	-0.04211274507	-0.03189230131	-0.03132264312	-0.02191640126	-0.01795985546	-0.01203381954	-0.007475764297	-0.002298598554	0.001455367011	0.002929135701	0.007928172462	0.01221611502	0.01769904392	0.01796869438	0.02143184953	0.02557802145	0.02818884549	0.02968437647
12.2	-0.06380047023	-0.0526518423	-0.04215495929	-0.03224188189	-0.03193780124	-0.02196365355	-0.01864495949	-0.01207240959	-0.009109491946	-0.002841522275	-0.0005546253759	0.001685451669	0.0075200184	0.01110516857	0.01543254895	0.01731696116	0.020473818	0.02445344126	0.02730696763	0.02879797469
12.4	-0.06380047032	-0.05265184303	-0.04215496125	-0.03224188423	-0.03193780518	-0.02196365968	-0.01864496792	-0.01207242008	-0.009109505457	-0.002841536355	-0.0005546523834	0.0016854287	0.007519993363	0.01110513618	0.01543249037	0.01731692083	0.02047377357	0.02445333668	0.02730690731	0.02879791163
12.6	-0.06380047027	-0.05265184274	-0.04215496041	-0.03224188327	-0.03193780313	-0.02196365679	-0.0186449652	-0.01207241475	-0.009109500304	-0.002841529907	-0.0005546422246	0.00168543687	0.007520004144	0.01110514754	0.01543250826	0.01731693649	0.02047378888	0.0244533637	0.02730693222	0.02879793458
12.8	-0.0638004702	-0.05265184225	-0.04215495916	-0.03224188091	-0.03193780098	-0.02196365383	-0.01864495914	-0.01207241002	-0.009109490364	-0.002841522083	-0.0005546246925	0.001685449963	0.007520016182	0.01110516345	0.01543254868	0.01731696069	0.02047381259	0.0244534259	0.0273069668	0.02879796877
13	-0.06380046997	-0.05265184193	-0.04215495876	-0.03224188038	-0.03193780048	-0.02196365286	-0.01864495758	-0.01207240796	-0.009109490049	-0.002841520187	-0.0005546214293	0.001685454003	0.007520022744	0.01110517204	0.01543255749	0.01731696984	0.02047382474	0.02445345415	0.02730698299	0.02879798836
13.2	-0.06380046999	-0.05265184195	-0.04215495899	-0.03224188106	-0.0319378005	-0.02196365223	-0.01864495891	-0.01207240749	-0.009109491054	-0.002841519387	-0.0005546245652	0.001685452484	0.007520022817	0.0111051726	0.01543254763	0.01731696938	0.0204738236	0.02445344585	0.0273069795	0.02879798776
13.4	-0.06380046982	-0.0526518417	-0.04215495833	-0.03224188014	-0.03193779974	-0.02196365108	-0.01864495685	-0.0120724052	-0.009109488902	-0.002841517201	-0.0005546206639	0.001685456988	0.007520027505	0.01110517771	0.01543255675	0.0173169758	0.02047383177	0.02445346069	0.0273069895	0.02879799897
13.6	-0.06380046993	-0.05265184167	-0.04215495836	-0.03224188026	-0.03193779939	-0.02196365084	-0.01864495674	-0.01207240498	-0.009109488921	-0.002841516755	-0.0005546201905	0.001685457828	0.00752002804	0.0111051798	0.01543255975	0.01731697609	0.02047383226	0.0244534607	0.02730699008	0.0287979999
13.8	-0.06380047015	-0.05265184224	-0.04215495904	-0.03224188173	-0.03193780075	-0.02196365254	-0.01864495929	-0.01207240752	-0.00910949196	-0.002841520053	-0.0005546248381	0.001685451892	0.007520023422	0.01110517238	0.01543254915	0.0173169707	0.02047382267	0.02445344577	0.02730698307	0.02879798858
14	-0.06380046988	-0.05265184164	-0.04215495818	-0.0322418805	-0.03193779911	-0.02196364953	-0.01864495661	-0.01207240432	-0.009109490635	-0.002841514627	-0.0005546215647	0.001685456875	0.007520031379	0.01110518123	0.01543255467	0.01731697863	0.02047383395	0.02445345847	0.02730699577	0.02879800454
14.2	-0.06380047003	-0.05265184193	-0.04215495865	-0.03224188098	-0.03193780005	-0.02196365158	-0.01864495765	-0.01207240621	-0.009109491011	-0.002841518342	-0.0005546218712	0.001685454608	0.007520026813	0.01110517517	0.0154325561	0.01731697334	0.02047382822	0.02445344975	0.02730698793	0.02879799451
14.4	-0.06380047002	-0.05265184184	-0.04215495848	-0.03224188021	-0.03193779993	-0.02196365225	-0.01864495616	-0.01207240695	-0.009109489752	-0.002841519307	-0.0005546185042	0.001685455693	0.007520024404	0.01110517307	0.01543256168	0.01731697148	0.0204738273	0.02445344854	0.02730698572	0.02879798981
14.6	-0.0638004701	-0.052651842	-0.04215495862	-0.03224188117	-0.03193780003	-0.0219636516	-0.01864495754	-0.01207240575	-0.009109491233	-0.002841518208	-0.0005546217367	0.001685454547	0.007520027863	0.01110517605	0.0154325573	0.01731697655	0.02047382983	0.0244534546	0.0273069894	0.02879799723
14.8	-0.0638004697	-0.05265184143	-0.0421549579	-0.03224187896	-0.03193779923	-0.02196365057	-0.01864495535	-0.01207240478	-0.009109488958	-0.002841516181	-0.0005546185766	0.001685457444	0.007520030038	0.01110517958	0.01543256029	0.01731698058	0.02047383453	0.02445346141	0.02730699577	0.02879800574
15	-0.06380046975	-0.05265184149	-0.04215495797	-0.03224187911	-0.03193779921	-0.02196365088	-0.01864495515	-0.0120724052	-0.009109487941	-0.002841516997	-0.0005546166021	0.001685456976	0.007520028266	0.01110517584	0.01543256369	0.0173169763	0.02047383032	0.02445344825	0.027306992	0.02879799438
15.2	-0.06380047024	-0.05265184198	-0.04215495848	-0.03224188123	-0.03193779972	-0.0219636514	-0.01864495585	-0.01207240633	-0.009109490037	-0.002841517862	-0.0005546170112	0.001685456344	0.007520026044	0.01110517501	0.01543256632	0.01731697308	0.02047382767	0.02445344648	0.02730698848	0.02879799002
15.4	-0.06380047022	-0.052651842	-0.04215495859	-0.03224188122	-0.03193779966	-0.02196365114	-0.01864495728	-0.01207240549	-0.009109490496	-0.002841517541	-0.0005546203977	0.001685455562	0.007520028234	0.01110517615	0.01543255778	0.0173169753	0.02047383085	0.0244534499	0.02730699157	0.02879799765
15.6	-0.06380047011	-0.05265184185	-0.04215495831	-0.03224188046	-0.03193779942	-0.02196365106	-0.01864495598	-0.01207240575	-0.009109487651	-0.002841517163	-0.0005546163411	0.001685457424	0.007520028077	0.01110517708	0.0154325659	0.01731697653	0.02047382986	0.02445345829	0.02730699346	0.02879800007
15.8	-0.06380046998	-0.05265184179	-0.04215495815	-0.03224188001	-0.03193779964	-0.02196365151	-0.01864495508	-0.01207240666	-0.009109486819	-0.002841518231	-0.0005546142831	0.001685457073	0.007520026415	0.01110517409	0.01543257021	0.0173169725	0.0204738261	0.0244534468	0.02730698825	0.02879798615
16	-0.06380046987	-0.05265184165	-0.0421549582	-0.03224187962	-0.03193779968	-0.0219636514	-0.01864495534	-0.01207240668	-0.009109487639	-0.002841517181	-0.0005546157324	0.001685456359	0.00752002658	0.01110517611	0.01543256791	0.01731697505	0.02047382828	0.02445345255	0.02730699075	0.02879799449
16.2	-0.06380047009	-0.05265184182	-0.0421549582	-0.03224188077	-0.03193779926	-0.02196365016	-0.01864495566	-0.01207240477	-0.00910948876	-0.002841515623	-0.0005546160992	0.001685457206	0.007520031401	0.01110517918	0.01543256805	0.01731697948	0.02047383313	0.02445345555	0.02730699988	0.02879799993
16.4	-0.06380046983	-0.05265184143	-0.04215495723	-0.0322418788	-0.03193779798	-0.02196364844	-0.01864495283	-0.01207240271	-0.009109482997	-0.002841511953	-0.0005546083404	0.001685464102	0.007520034664	0.01110518447	0.01543258184	0.01731698495	0.02047383865	0.02445347121	0.02730700854	0.02879800792
16.6	-0.0638004698	-0.05265184138	-0.04215495737	-0.03224187882	-0.03193779795	-0.02196364936	-0.01864495305	-0.01207240308	-0.009109482244	-0.002841513409	-0.0005546089455	0.001685462894	0.00752003224	0.01110517991	0.0154325802	0.01731698095	0.02047383313	0.02445345436	0.02730699876	0.02879799145
16.8	-0.06380047009	-0.05265184186	-0.04215495832	-0.03224188087	-0.03193779939	-0.02196365088	-0.01864495637	-0.0120724055	-0.009109488246	-0.002841516777	-0.0005546170416	0.001685457003	0.007520028379	0.01110517577	0.01543256669	0.01731697614	0.02047382949	0.02445344482	0.02730699239	0.02879799082
17	-0.06380047005	-0.05265184171	-0.04215495769	-0.03224188035	-0.03193779812	-0.02196364886	-0.01864495456	-0.01207240284	-0.009109483472	-0.002841512896	-0.000554611159	0.001685462694	0.007520034277	0.01110518215	0.01543257751	0.01731698279	0.02047383527	0.02445346179	0.0273070019	0.02879799859
17.2	-0.06380047001	-0.05265184146	-0.04215495725	-0.03224187952	-0.03193779754	-0.02196364785	-0.01864495222	-0.01207240183	-0.009109481324	-0.002841510852	-0.0005546064124	0.00168546679	0.007520036249	0.01110518628	0.0154325856	0.01731698587	0.02047384084	0.02445347579	0.02730700726	0.02879800588
17.4	-0.06380046973	-0.05265184107	-0.0421549565	-0.03224187839	-0.03193779614	-0.02196364606	-0.01864495035	-0.01207239893	-0.009109477521	-0.002841507333	-0.0005546019503	0.001685471532	0.007520040966	0.01110519117	0.01543259262	0.01731699153	0.02047384483	0.02445348177	0.0273070134	0.02879800874
17.6	-0.06380047019	-0.05265184217	-0.04215495854	-0.03224188193	-0.03193779964	-0.02196365113	-0.01864495694	-0.0120724063	-0.009109486664	-0.00284151766	-0.0005546148422	0.001685458435	0.00752002706	0.0111051742	0.01543257172	0.0173169727	0.02047382528	0.02445345026	0.02730698856	0.02879798079
17.8	-0.06380047008	-0.05265184187	-0.0421549578	-0.03224188135	-0.03193779822	-0.0219636484	-0.01864495593	-0.01207240228	-0.009109483723	-0.002841512331	-0.0005546130588	0.001685462532	0.007520034949	0.0111051829	0.01543257717	0.01731698477	0.02047383554	0.02445346324	0.02730700198	0.02879799627
18	-0.06380046953	-0.05265184072	-0.04215495576	-0.03224187696	-0.0319377949	-0.02196364361	-0.01864494798	-0.01207239589	-0.009109472352	-0.002841501477	-0.000554595663	0.00168547715	0.007520046338	0.0111051982	0.01543260306	0.01731700183	0.02047385406	0.02445350027	0.02730702482	0.02879802148
18.2	-0.06380046979	-0.05265184137	-0.04215495729	-0.03224187937	-0.0319377975	-0.02196364814	-0.01864495344	-0.0120724016	-0.009109479278	-0.002841510912	-0.0005546081924	0.001685465814	0.007520033886	0.01110518471	0.01543258154	0.01731698378	0.02047383548	0.0244534667	0.0273069978	0.02879799471
18.4	-0.06380047006	-0.05265184177	-0.04215495756	-0.03224188112	-0.03193779781	-0.02196364788	-0.01864495483	-0.01207240131	-0.009109481479	-0.002841511483	-0.0005546105211	0.001685466074	0.007520035013	0.0111051851	0.01543257989	0.01731698429	0.02047383694	0.02445346849	0.02730700001	0.02879799926
18.6	-0.06380047003	-0.05265184164	-0.04215495721	-0.03224188125	-0.03193779689	-0.02196364581	-0.01864495411	-0.01207239856	-0.009109480959	-0.002841507554	-0.0005546092926	0.001685469276	0.007520041772	0.01110519101	0.01543258363	0.01731699369	0.02047384503	0.02445347985	0.02730701335	0.02879800792
18.8	-0.06380046938	-0.05265184053	-0.04215495543	-0.0322418771	-0.03193779377	-0.02196364171	-0.01864494736	-0.01207239226	-0.009109469102	-0.002841499092	-0.0005545939171	0.001685484641	0.007520053775	0.01110520915	0.01543260834	0.017317011	0.02047386552	0.02445353682	0.02730703424	0.02879803894
19	-0.06380046974	-0.05265184129	-0.04215495709	-0.03224187956	-0.03193779706	-0.02196364692	-0.01864495259	-0.01207240049	-0.00910947812	-0.002841509404	-0.0005546062536	0.001685470312	0.007520036621	0.01110519056	0.01543258683	0.01731698867	0.02047384199	0.0244534909	0.02730700496	0.0287980062
19.2	-0.06380047012	-0.0526518418	-0.04215495771	-0.03224188232	-0.03193779744	-0.02196364685	-0.01864495537	-0.01207239993	-0.009109482429	-0.002841509413	-0.0005546112182	0.001685468584	0.007520038281	0.01110519147	0.01543258189	0.01731699107	0.02047384305	0.02445348931	0.02730701124	0.02879800852
19.4	-0.06380046955	-0.05265184087	-0.04215495626	-0.03224187835	-0.03193779521	-0.02196364423	-0.0186449503	-0.01207239538	-0.009109473733	-0.002841504208	-0.0005546012258	0.001685477904	0.007520046166	0.01110519986	0.01543259838	0.01731700068	0.02047385502	0.02445351104	0.02730701999	0.02879802166
19.6	-0.06380046895	-0.05265183967	-0.04215495378	-0.03224187501	-0.03193779067	-0.02196363628	-0.01864494328	-0.01207238428	-0.009109463122	-0.002841488825	-0.000554586015	0.001685496742	0.007520068855	0.01110522602	0.01543261889	0.01731703129	0.02047388717	0.02445356701	0.02730706042	0.02879806729
19.8	-0.06380046944	-0.05265184075	-0.04215495598	-0.0322418788	-0.03193779464	-0.02196364281	-0.01864495115	-0.0120723933	-0.009109474649	-0.002841502253	-0.0005546029984	0.00168547906	0.007520050415	0.01110520333	0.0154325904	0.01731700502	0.02047385953	0.02445351466	0.0273070268	0.02879802913
