x_0(nm)	Estado_1(eV)	Estado_2(eV)	Estado_3(eV)	Estado_4(eV)	Estado_5(eV)	Estado_6(eV)	Estado_7(eV)	Estado_8(eV)	Estado_9(eV)	Estado_10(eV)	Estado_11(eV)	Estado_12(eV)	Estado_13(eV)	Estado_14(eV)	Estado_15(eV)	Estado_16(eV)	Estado_17(eV)	Estado_18(eV)	Estado_19(eV)	Estado_20(eV)
20.2	43.43579848	55.0082716	55.07628949	83.55942429	85.57051878	126.1498933	126.1657703	167.2071664	176.3192509	176.6412335	186.3683278	186.5373632	222.6723751	231.5020036	233.3901462	233.39192	261.9618346	262.217577	262.217636	262.4956958
20.4	43.43576015	55.00820097	55.07622549	83.55921569	85.57030726	126.1490832	126.1649759	167.1986683	176.315654	176.6373753	186.3491451	186.518034	222.5791612	231.3328143	233.3677587	233.3695021	259.5688725	261.0432619	261.0450153	262.3264039
20.6	43.43568964	55.00810631	55.0761125	83.55897657	85.57002519	126.1481901	126.1640692	167.1890721	176.3115877	176.6330167	186.3262847	186.4949768	222.4473919	231.0742183	233.3390697	233.3408005	253.613116	255.4626408	255.4657553	260.0235523
20.8	43.43556818	55.00793616	55.07595988	83.55867111	85.56965462	126.1471472	126.1630293	167.1778879	176.3068811	176.627928	186.2977733	186.4662081	222.2400481	230.6178733	233.299858	233.3015985	245.7772912	247.6445664	247.6481161	252.7504054
21	43.43551245	55.0078504	55.07587379	83.55844663	85.56940189	126.1462018	126.162083	167.1644225	176.3016363	176.6222242	186.2601915	186.4282427	221.8554629	229.6107257	233.2415762	233.2432667	236.7213775	238.5390245	238.5428054	244.0314183
21.2	43.43545965	55.00776809	55.07579116	83.55822343	85.56914981	126.145197	126.1610772	167.1473926	176.2953452	176.6153137	186.2067364	186.3741653	220.9150966	226.7065616	226.8777696	228.6483938	228.6523502	233.1451269	233.1469284	234.9747066
21.4	43.43540924	55.0076884	55.07571114	83.55799896	85.56889542	126.1441084	126.1599873	167.1245557	176.2874636	176.606528	186.1220575	186.2883171	216.5936139	217.6720167	218.3564448	218.361319	219.7836392	227.7570686	228.1761281	228.1769704
21.6	43.43536078	55.00761064	55.07563307	83.55777069	85.56863574	126.1429046	126.1587821	167.0914151	176.2770352	176.5946214	185.9627428	186.1262103	206.1585156	207.9889011	207.9963073	209.8878842	210.3754178	217.7413148	217.7418447	224.9258232
21.8	43.43531387	55.00753417	55.07555627	83.55753586	85.56836749	126.1415425	126.1574184	167.0374084	176.2621923	176.5768581	185.5476433	185.7006523	195.8066082	197.9485408	197.9661669	200.1890508	200.3397616	207.3074787	207.3078541	216.7556543
22	43.43526817	55.00745838	55.07548015	83.5572914	85.56808694	126.1399608	126.1558347	166.9306685	176.2387241	176.5446684	183.4517812	183.5331868	185.7414039	189.8248269	189.9137712	190.247313	190.3083111	197.069919	197.0702926	206.4156319
22.2	43.43522335	55.00738268	55.07540411	83.55703378	85.56778977	126.1380682	126.1539395	166.6166248	175.9528953	176.0265917	176.0369894	176.1947336	176.7687988	180.5039183	180.5334947	187.1045208	187.1205512	187.4411927	187.5852773	196.4368617
22.4	43.43517912	55.0073065	55.07532759	83.55675873	85.56747067	126.1357199	126.1515877	164.3175271	167.0467997	167.0492574	169.0801695	171.1242342	171.1405647	176.0789748	176.4105088	177.6643916	177.6644255	186.9307115	186.9523503	186.9614434
22.6	43.43513521	55.00722925	55.07524996	83.55646095	85.56712295	126.1326715	126.1485342	156.7365157	158.2513898	158.2523268	162.1850096	162.195025	167.7277589	168.6365417	168.6365786	175.2255979	175.4490846	178.6750499	178.7861845	186.7609102
22.8	43.43509133	55.00715028	55.0751706	83.55613368	85.56673795	126.1284735	126.1443286	148.5210283	149.86917	149.8696219	153.7222352	153.7289042	160.0983638	160.0984219	167.473718	168.61063	168.6531109	176.6529874	176.9667226	180.1471037
23	43.43504723	55.00706892	55.07508883	83.55576802	85.56630409	126.1221976	126.1380392	140.6590071	141.9515553	141.9518084	145.7470104	145.7518073	152.0573731	152.0574407	160.6435723	160.6440038	167.4177026	171.9244605	171.9244673	176.4816861
23.2	43.43500262	55.0069844	55.07500386	83.55535179	85.56580526	126.1115548	126.1273674	133.2429644	134.5064182	134.506584	138.2546141	138.2582769	144.5083494	144.5084367	153.0517636	153.0518609	164.1880889	164.1880977	167.3677841	176.4266715
23.4	43.43495721	55.00689585	55.07491482	83.55486788	85.5652184	126.0885924	126.1042783	126.2806621	127.5248767	127.525041	131.2308049	131.2336904	137.4429944	137.4431502	145.906464	145.9065341	156.9241703	156.9241911	167.3370098	170.3266441
23.6	43.4349107	55.00680223	55.07482066	83.55429124	85.56450893	119.7588512	120.9861244	120.9861825	124.6546225	124.6572599	126.0103332	126.0256758	130.884701	130.8852801	139.2024522	139.2025027	150.1111115	150.1111301	163.3907655	163.3907852
23.8	43.43486275	55.00670231	55.07472015	83.55358367	85.56362265	113.6583101	114.8719158	114.8719599	118.504313	118.5067623	124.2070251	124.2091148	126.4782278	126.492046	132.9233452	132.9233715	143.7284735	143.7284773	156.8875204	156.8875426
24	43.43481297	55.00659459	55.07461176	83.55268332	85.56246874	107.9546657	109.155713	109.1557569	112.7538555	112.7562927	118.6454974	118.6456212	126.2314145	126.2471931	127.0443514	127.0443939	137.7492312	137.7492361	150.7893307	150.7893738
24.2	43.43476094	55.00647719	55.07449358	83.55148357	85.56088312	102.6234902	103.8127551	103.8127782	107.378158	107.3807833	113.2494051	113.2494432	121.5411014	121.5411299	126.1951131	126.2109789	132.1481961	132.1481998	145.0710448	145.0710746
24.4	43.43470615	55.00634769	55.07436319	83.54978202	85.55853419	97.63937592	98.81737653	98.81740172	102.3514858	102.3545989	108.1811744	108.1811957	116.387701	116.387734	126.1806708	126.1965534	126.8988385	126.8988464	139.7057703	139.7058184
24.6	43.43464802	55.00620296	55.07421739	83.54714363	85.55463822	92.97858163	94.1457514	94.1457825	97.65036776	97.65463225	103.4322135	103.4322204	111.5608348	111.5608521	121.9778988	121.9779116	126.1728282	126.1887156	134.6706694	134.6706844
24.8	43.43458584	55.00603883	55.07405198	83.54243012	85.54678958	88.61825014	89.77494474	89.77496389	93.25288833	93.26015486	98.98301171	98.98301722	107.0373091	107.0373243	117.3619392	117.3619413	126.1678375	126.1837263	129.9420852	129.9421073
25	43.43451874	55.00584955	55.07386111	83.53142061	84.53609063	85.52237125	85.68259622	85.6826196	89.14077009	89.16139224	94.81238452	94.81239357	102.794613	102.7946347	113.0282513	113.0282555	125.4972206	125.4972407	126.1643334	126.1802224
25.2	43.43444564	55.00562701	55.07363657	80.71160101	81.84816875	81.84819644	83.47603363	84.97461453	85.33149756	85.84440809	90.90017867	90.90018191	98.81193828	98.81195294	108.9558222	108.9558244	121.3148733	121.3148869	126.1616992	126.1775879
25.4	43.43436519	55.00535936	55.0733663	77.12589294	78.25278096	78.25280765	81.55361018	81.58484254	83.62881632	85.60901977	87.22786028	87.22786115	95.07058246	95.07060511	105.1260702	105.1260747	117.3766494	117.3766572	126.1596163	126.1755046
25.6	43.43427565	55.00502859	55.07303197	73.76160299	74.87906335	74.8790916	78.19570428	78.20084499	83.58376479	83.77815025	83.77815757	85.59000871	91.55311323	91.55313692	101.5215061	101.5215136	113.6650263	113.6650408	126.1579021	126.1737898
25.8	43.43417472	55.00460565	55.07260394	70.60193011	71.71022066	71.71024651	75.00809638	75.00991926	80.5341907	80.534197	83.57367834	85.58318572	88.24247309	88.24250198	98.12493224	98.12494155	110.162635	110.1626934	124.332884	124.3329217
26	43.43405931	55.00404073	55.07203132	67.63172377	68.73112085	68.73116186	72.0048932	72.00576096	77.48076449	77.48076943	83.56922143	85.12332649	85.12334391	85.57965041	94.92088526	94.92088965	106.8539344	106.8539402	120.8991056	120.8991122
26.2	43.43392522	55.00324078	55.07121866	64.83752125	65.92841156	65.92846504	69.17639328	69.1768745	74.60457883	74.60458149	82.18246759	82.18248474	83.5666893	85.57746868	91.89635267	91.89636138	103.7261156	103.7261305	117.6477487	117.6477564
26.4	43.43376644	55.00200883	55.06996292	62.20646529	63.28940936	63.28948022	66.51071696	66.51099736	71.89266856	71.8926714	79.40681734	79.40684264	83.56504149	85.57597365	89.03812895	89.03813064	100.7658331	100.7658368	114.5652305	114.5652336
26.6	43.43357412	54.99984305	55.0677429	59.72644534	60.80247759	60.8026043	63.99608238	63.99627978	69.33284444	69.33284526	76.78412012	76.78413038	83.56387229	85.57487412	86.33384297	86.33384749	97.96060088	97.96061235	111.638955	111.638958
26.8	43.4333348	54.99498157	55.06270153	57.38700311	58.45890657	58.45921482	61.62222317	61.62235805	66.91462683	66.91463091	74.30386012	74.30388418	83.56299101	83.77300969	83.77301711	85.57402281	95.29996001	95.29996992	108.8584917	108.8585036
27	43.43302668	54.97403306	55.04005438	55.17817154	56.26209793	56.26410495	59.37923421	59.37933505	64.62804081	64.62804154	71.95607794	71.95609904	81.34566025	81.3456623	83.56229594	85.57333705	92.77394934	92.77396106	106.2139236	106.2139325
27.2	43.43261216	53.09083646	54.08810005	54.09087584	55.0517917	55.11704397	57.25800981	57.25808355	62.46389764	62.46389996	69.73154802	69.73156772	79.04252871	79.04253796	83.56172788	85.57276678	90.37326724	90.37328193	103.6958865	103.6958918
27.4	43.43202028	51.11670067	52.13557371	52.13584154	55.02122381	55.0889827	55.25019626	55.25025206	60.41380146	60.41380388	67.62184712	67.6218633	76.85517657	76.85518463	83.56124994	85.57227985	88.08945275	88.08945993	101.2959017	101.2959185
27.6	43.43109917	49.24814767	50.26354828	50.26363318	53.34802077	53.34806689	55.01552438	55.08346421	58.46992776	58.46992975	65.61909799	65.61911253	74.7756593	74.77566085	83.5608379	85.57185461	85.91446214	85.91447392	99.00583869	99.00584411
27.8	43.42945492	47.47850698	48.48652747	48.48656755	51.54444841	51.54448575	55.01312557	55.08111116	56.62524207	56.6252457	63.71629227	63.71630823	72.79700412	72.7970066	83.56047518	83.84139882	83.8414107	85.5714759	96.8188634	96.81886878
28	43.42565349	45.80267407	46.80020043	46.8002228	49.83293273	49.83296253	54.87316202	54.87316568	55.01180673	55.07980765	61.90682802	61.90684229	70.91257667	70.91257847	81.86358816	81.86359584	83.56014992	85.57113269	94.72827532	94.72827824
28.2	43.40746489	44.22683544	45.19911	45.19912469	48.20742238	48.2074497	53.20764021	53.20764123	55.01095036	55.07896172	60.18460784	60.18462161	69.11624972	69.11625283	79.97485889	79.97487562	83.55985339	85.57081668	92.72786297	92.72787018
28.4	42.65770978	43.46259063	43.6778974	43.67790657	46.66233177	46.6623546	51.6230413	51.62304322	55.01035719	55.07837285	58.54399611	58.54400772	67.40235574	67.4023584	78.1695204	78.16952387	83.55957894	85.57052143	90.81188031	90.81188248
28.6	41.23661866	42.23153335	42.23153991	43.44457978	45.19252842	45.19254592	50.11423121	50.11423362	55.00991657	55.07793468	56.9798378	56.97985083	65.76573041	65.76573249	76.4423801	76.44238287	83.55932136	85.57024181	88.97513271	88.97513558
28.8	39.87148093	40.85535179	40.8553569	43.44079421	43.79328903	43.79330433	48.67648158	48.67648472	55.00957401	55.07759357	55.4874031	55.48741651	64.20164338	64.20164402	74.78872565	74.78872835	83.55907645	85.56997356	87.21293735	87.21293977
29	38.56997506	39.54498031	39.54498484	42.46020555	42.46022074	43.43915443	47.30537107	47.3053723	54.06225057	54.06226216	55.00929813	55.07731859	62.70562513	62.70562635	73.20405579	73.20405642	83.55884067	85.52074476	85.52074981	85.56971301
29.2	37.3294405	38.29635013	38.29635231	41.18918329	41.18919464	43.43823512	45.9967801	45.9967822	52.70023422	52.70024568	55.0090696	55.07709059	61.27349518	61.27349687	71.68413656	71.68413754	83.55861092	83.89426154	83.89426379	85.56945687
29.4	36.14656199	37.10576398	37.10576709	39.9765141	39.97652596	43.43764417	44.74701042	44.74701254	51.3976664	51.39767781	55.00887583	55.07689714	59.90158964	59.90159055	70.2253476	70.22535044	82.32993609	82.32993791	83.55838444	85.5692021
29.6	35.01797728	35.9697164	35.96971757	38.81867542	38.81868578	43.43723019	43.55251792	43.5525199	50.15097802	50.15098855	55.00870825	55.07672973	58.58630281	58.58630342	68.82403993	68.8240409	80.82405685	80.82405921	83.55815861	85.56894568
29.8	33.94048152	34.88493263	34.88493499	37.71238308	37.71239258	42.41000851	42.41001041	43.4369224	48.9568597	48.95686848	55.00856082	55.07658237	57.32430441	57.32430608	67.47685359	67.47685741	79.37323765	79.3732391	83.5579308	85.56868452
30	32.91123086	33.84853599	33.84854002	36.65475307	36.65476252	41.31659407	41.31659698	43.43668331	47.8124197	47.81242858	55.00842918	55.07645072	56.11270609	56.11270675	66.18090982	66.18091274	77.97461359	77.97461533	83.55769834	85.56841532
30.2	31.92735103	32.85763334	32.85763505	35.64288107	35.64288961	40.2693588	40.26936079	43.43649117	46.71472501	46.71473577	54.94855349	54.94855599	55.00831007	55.07633153	64.93323287	64.93323631	76.62518857	76.62519065	83.5574583	85.56813436
30.4	30.98624964	31.90961566	31.9096188	34.67415454	34.67416205	39.2656803	39.26568141	43.43633248	45.66114364	45.66115265	53.82919738	53.8291979	55.00820091	55.07622228	63.73114808	63.73115141	75.32225794	75.3222618	83.55720739	85.56783728
30.6	30.08560275	31.0021543	31.00215656	33.74623821	33.7462451	38.30322053	38.30322148	43.43619847	44.64933404	44.64934221	52.75229706	52.75229797	55.00809983	55.07612107	62.57232644	62.57232899	74.0635162	74.06351683	83.55694176	85.56751884
30.8	29.223149	30.13298005	30.1329814	32.85685599	32.85686332	37.37969172	37.37969393	43.43608302	43.67699186	43.67700034	51.71552665	51.71552773	55.00800525	55.07602632	61.45440977	61.45441312	72.84656392	72.84656536	83.55665669	85.5671724
31	28.39669931	29.29989774	29.29990026	32.00380896	32.00381444	36.49288595	36.492887	42.74189647	42.74190368	43.43598236	50.71665058	50.71665158	55.00791588	55.07593676	60.3751495	60.37515188	71.66913921	71.66914019	83.55634629	84.54590316
31.2	27.60440325	28.50105661	28.50105795	31.18524006	31.18524628	35.64094568	35.64094645	41.8421907	41.84219769	43.43589284	49.7538144	49.75381674	55.00783068	55.07585135	59.33269918	59.33270112	70.52941452	70.52941554	83.29013643	83.29013909
31.4	26.84439343	27.73458371	27.7345855	30.39927406	30.39927879	34.82198309	34.82198385	40.97597224	40.97597888	43.43581243	48.82509792	48.82509994	55.00774875	55.07576919	58.32511391	58.32511552	69.4254167	69.42541848	82.07108893	82.07109306
31.6	26.11498458	26.99879222	26.99879448	29.64421701	29.64422263	34.03429969	34.03430236	40.14153493	40.14154204	43.43573938	47.92878501	47.92878687	55.00766931	55.07568949	57.3506679	57.35067007	68.35541201	68.35541297	80.88702076	80.88702449
31.8	25.41449526	26.29199827	26.29199988	28.91837941	28.91838474	33.27619594	33.27619723	39.33716299	39.33716887	43.43567231	47.06314054	47.06314099	55.00759165	55.07561155	56.40760369	56.40760566	67.3176145	67.3176164	79.73611688	79.73612
32	24.7415189	25.61279355	25.61279555	28.22035353	28.22035812	32.54626335	32.54626393	38.56145131	38.56145741	43.43561016	46.2267669	46.2267673	55.00751513	55.07553474	55.49453982	55.49454082	66.31067212	66.31067282	78.61707026	78.61707288
32.2	24.09464378	24.95976562	24.95976644	27.54872024	27.54872468	31.84307482	31.84307651	37.8129628	37.81296917	43.43555207	45.41821199	45.41821275	54.61000425	54.61000539	55.00743916	55.07545844	65.33308843	65.33309111	77.52835881	77.52836133
32.4	23.47246953	24.3315094	24.33151109	26.90206885	26.90207275	31.16520782	31.16520859	37.09025444	37.09026007	43.43549732	44.63600719	44.63600783	53.75249602	53.75249714	55.00736314	55.07538207	64.38332527	64.38332578	76.4683916	76.46839542
32.6	22.8738544	23.72688476	23.7268865	26.27925857	26.27926329	30.51152507	30.51152582	36.39219803	36.39220328	43.43544532	43.87904019	43.87904063	52.92092976	52.92093074	55.00728649	55.07530503	63.46033753	63.46033902	75.43619796	75.43620004
32.8	22.29760215	23.14469322	23.14469435	25.67908661	25.67909035	29.88081264	29.88081322	35.71756471	35.71756954	43.14606238	43.14606251	43.43539558	52.11403158	52.1140326	55.0072086	55.07522671	62.5628224	62.56282342	74.430431	74.43043346
33	21.74261806	22.58383833	22.58383881	25.10045162	25.10045532	29.27196405	29.27196487	35.06523942	35.06524429	42.43594764	42.43594811	43.43534767	51.33066314	51.33066344	55.00712882	55.07514646	61.68962441	61.68962647	73.44992098	73.44992224
33.2	21.2078887	22.04330468	22.04330614	24.54233657	24.5423403	28.68395806	28.68395874	34.43419642	34.43420096	41.74766698	41.74766788	43.4353012	50.56979537	50.56979596	55.00704643	55.07506356	60.839726	60.8397283	72.49366995	72.49367401
33.4	20.69244343	21.52212174	21.52212319	24.00376657	24.00376991	28.11581401	28.11581463	33.82344791	33.82345226	41.08022469	41.08022485	43.43525584	49.83042226	49.83042285	55.00696065	55.0749772	60.01210839	60.01211018	71.56064852	71.56065041
33.6	20.19536873	21.01937434	21.01937553	23.48382285	23.48382613	27.56660764	27.56660835	33.23206161	33.23206602	40.43267748	40.43267833	43.43521128	49.11159095	49.11159112	55.00687055	55.07488644	59.20580685	59.20580849	70.64987753	70.64988072
33.8	19.71581849	20.53421525	20.53421625	22.98165617	22.98165897	27.0354857	27.0354862	32.65917984	32.65918402	39.80416411	39.80416564	43.43516723	48.41243705	48.41243772	55.00677505	55.07479019	58.41996103	58.41996209	69.76050901	69.76051278
34	19.25297934	20.06582967	20.06583088	22.49644768	22.49645058	26.52162346	26.52162402	32.10396976	32.10397333	39.1938419	39.19384267	43.43512342	47.73210556	47.73210653	55.00667282	55.07468711	57.65370176	57.65370238	68.89165907	68.89166406
34.2	18.8060903	19.61345617	19.61345699	22.02743339	22.02743604	26.02425284	26.02425341	31.565658	31.56566184	38.60093303	38.60093323	43.43507957	47.06981697	47.06981762	55.00656227	55.07457556	56.90624923	56.90625048	68.04255632	68.04255709
34.4	18.37442749	19.17636915	19.17637014	21.57388455	21.57388733	25.54263983	25.54264052	31.04350366	31.04350736	38.02468611	38.02468639	43.43503542	46.42480812	46.42480887	55.00644135	55.07445346	56.17682853	56.17682908	67.21240291	67.21240459
34.6	17.95732019	18.75389737	18.75389844	21.13512757	21.13513032	25.07610721	25.07610793	30.53682531	30.53682872	37.46441704	37.4644172	43.43499069	45.79639435	45.79639511	55.00630747	55.07431817	55.46475908	55.4647597	66.4005374	66.4005388
34.8	17.55412267	18.34539403	18.34539508	20.71051246	20.71051498	24.6239999	24.6240003	30.04496054	30.044964	36.91945504	36.9194554	43.43494508	45.18389601	45.18389637	54.7693518	54.76935239	55.00615719	55.07416618	65.60625928	65.60626064
35	17.16421399	17.95023697	17.95023806	20.29941379	20.29941612	24.1856871	24.18568729	29.56727194	29.56727499	36.38915365	36.38915377	43.43489829	44.58665504	44.58665561	54.08993641	54.08993652	55.00598591	55.07399277	64.8288817	64.82888273
35.2	16.78705272	17.56788455	17.5678855	19.90128876	19.90129123	23.76062493	23.76062553	29.10321514	29.1032186	35.87297069	35.87297164	43.43484996	44.00413745	44.00413813	53.42599315	53.42599373	55.00578727	55.07379143	64.06791298	64.06791383
35.4	16.42206521	17.19776145	17.19776255	19.51555832	19.5155608	23.34822741	23.34822828	28.65219456	28.65219749	35.37029773	35.37029791	43.4347997	43.43571688	43.43571716	52.77687488	52.77687546	55.00555217	55.0735528	63.32267751	63.32267807
35.6	16.06873303	16.83934851	16.83934958	19.14170037	19.1417024	22.94796779	22.94796837	28.21367636	28.21367892	34.8805927	34.88059293	42.88084363	42.88084418	43.43474708	52.14202397	52.14202467	55.00526713	55.07326301	62.59260956	62.59261029
35.8	15.72659018	16.49217926	16.49218039	18.77924728	18.7792493	22.55937781	22.55937807	27.78719246	27.78719521	34.40339074	34.40339086	42.3390599	42.33906027	43.43469156	51.52099591	51.52099688	55.00491134	55.07290054	61.87728824	61.87728924
36	15.39516823	16.1557845	16.15578535	18.42772688	18.42772902	22.18198017	22.1819804	27.37225933	27.37226234	33.93819943	33.93819989	41.80986319	41.8098639	43.43463254	50.91327735	50.91327806	55.00445071	55.07243	61.17618544	61.17618603
36.2	15.07400235	15.82969762	15.82969883	18.08666942	18.08667144	21.81529869	21.81529889	26.96839199	26.96839473	33.48452257	33.48452283	41.29274344	41.29274415	43.43456926	50.31834121	50.31834153	55.00382521	55.07178881	60.23659044	60.4887537
36.4	14.76270258	15.51352906	15.51352994	17.75568384	17.75568577	21.45894172	21.45894194	26.57519869	26.57520107	33.04197051	33.04197071	40.7873176	40.78731811	43.43450083	49.73581704	49.73581755	55.00291878	55.07085498	59.02022761	59.81464565
36.6	14.46086818	15.20687689	15.20687743	17.43436606	17.43436797	21.11250101	21.11250166	26.19226584	26.19226812	32.61012315	32.61012391	40.29315826	40.29315862	43.4344261	49.16526909	49.16526969	55.00147348	55.06935454	57.83972885	58.63780861
36.8	14.16809973	14.90934017	14.90934102	17.12231195	17.12231392	20.77556709	20.77556762	25.81917552	25.81917771	32.188553	32.18855341	39.80982485	39.80982535	43.43434364	48.60624249	48.60624309	54.99877854	55.06651863	56.69367427	57.48982521
37	13.8840638	14.62058569	14.62058656	16.81918723	16.81918908	20.4478046	20.44780477	25.45559237	25.45559437	31.77692552	31.77692596	39.33698831	39.33698909	43.43425159	48.05841802	48.05841828	54.99192059	55.05907425	55.58082446	56.37925011
37.2	13.60840926	14.34026126	14.34026209	16.52463699	16.52463873	20.12885381	20.12885403	25.10115049	25.10115263	31.37486755	31.37486769	38.87426647	38.8742668	43.43414749	47.52140215	47.52140239	54.49990147	54.94444386	54.9996665	55.34125471
37.4	13.34081765	14.06804792	14.06804843	16.23834048	16.238342	19.81839151	19.8183918	24.75552365	24.75552579	30.98204944	30.98204974	38.42132758	38.42132799	43.43402804	46.9948633	46.99486389	53.44975618	54.19799765	54.19984217	55.03303965
37.6	13.08095902	13.8036143	13.80361495	15.95996335	15.95996483	19.51607831	19.51607843	24.41836496	24.41836705	30.59811549	30.59811553	37.9778045	37.97780517	43.43388863	46.4784212	46.47842133	52.42922422	53.18738464	53.18774632	55.01863133
37.8	12.82856183	13.54668889	13.54668953	15.68923329	15.68923463	19.22164078	19.22164099	24.08940098	24.08940304	30.22279327	30.22279343	37.54342943	37.54343065	43.43372274	45.97181602	45.97181652	51.43727161	52.19505239	52.19519414	54.50124588
38	12.58333635	13.29698101	13.29698168	15.42585692	15.42585838	18.93478157	18.93478182	23.76832838	23.76833036	29.85577244	29.85577249	37.11788414	37.11788439	43.43352062	45.47471916	45.47471943	50.4728362	51.2280869	51.22816157	53.51973037
38.2	12.34501223	13.0542196	13.05422034	15.1695613	15.1695628	18.65522439	18.65522453	23.45486655	23.45486856	29.49676745	29.49676761	36.70087687	36.70087695	43.43326726	44.98683352	44.98683377	49.53496425	50.2868763	50.28692379	52.56491697
38.4	12.11333954	12.81815414	12.81815514	14.92009449	14.92009603	18.38271499	18.38271518	23.14875911	23.148761	29.14552015	29.14552024	36.29214917	36.2921496	43.43293801	44.50790297	44.50790307	48.62274656	49.37090551	49.370936	51.63584927
38.6	11.88807141	12.5885375	12.58853804	14.67720686	14.67720827	18.11700027	18.11700057	22.84974821	22.84975005	28.8017671	28.80176734	35.89143207	35.89143238	43.43248962	44.03765054	44.03765079	47.73530472	48.47942067	48.47943978	50.73160214
38.8	11.66897298	12.36513353	12.36513414	14.44066085	14.44066195	17.85783955	17.85783962	22.55758864	22.55759024	28.46525778	28.46525797	35.49846824	35.49846861	43.43183831	43.57581177	43.57581193	46.87184503	47.61162365	47.61163829	49.85129109
39	11.45582625	12.14772402	12.14772459	14.21023623	14.21023751	17.60501052	17.60501081	22.27205606	22.27205791	28.13576682	28.13576694	35.11303315	35.1130334	43.12216517	43.12216545	43.43079822	46.03174346	46.76675083	46.76676372	48.99411286
39.2	11.24841673	11.93609373	11.93609441	13.98571635	13.98571752	17.35829348	17.35829362	21.99292675	21.9929284	27.81306498	27.81306519	34.73489173	34.7348918	42.67646821	42.67646849	43.42885814	45.21471901	45.94403717	45.94404723	48.15926985
39.4	11.04653634	11.73003406	11.7300346	13.76689008	13.76689126	17.11747367	17.11747402	21.71998144	21.71998282	27.49692771	27.49692777	34.36381238	34.3638126	42.23848142	42.2384816	43.42393008	44.4220783	45.14271639	45.14272339	47.34597664
39.6	10.85000282	11.52936228	11.52936276	13.55357416	13.55357522	16.88236697	16.88236715	21.45303448	21.45303614	27.1871696	27.18716982	33.99961243	33.99961272	41.80802697	41.80802713	43.39029647	43.67883426	44.36209298	44.3620992	46.55352616
39.8	10.65862063	11.33388208	11.33388255	13.34556973	13.34557094	16.65277062	16.65277083	21.19187877	21.19188015	26.88357694	26.88357696	33.64207014	33.6420704	41.38487318	41.38487359	42.85840516	43.45382057	43.60145607	43.60146263	45.78119903
40	10.47221027	11.1434133	11.14341395	13.14269523	13.1426963	16.42850005	16.42850028	20.93632549	20.93632689	26.58595643	26.58595669	33.29098719	33.2909873	40.96881481	40.96881511	42.13135437	42.86014373	42.86014831	43.44327102	45.02832559
40.2	10.29060979	10.9577938	10.95779447	12.94478706	12.94478827	16.20939064	16.20939073	20.68620882	20.68621005	26.29414182	26.29414198	32.94619777	32.94619799	40.55968933	40.5596895	41.41540658	42.13752923	42.13753314	43.44029458	44.29427267
40.4	10.11365451	10.77685832	10.77685888	12.75167861	12.75167954	15.99527244	15.99527262	20.44135513	20.44135635	26.00795491	26.00795508	32.60751867	32.60751879	40.1573059	40.15730604	40.71593854	41.43299274	41.43299712	43.43889241	43.57841959
40.6	9.941183216	10.60044487	10.60044544	12.56320573	12.56320679	15.78597883	15.78597909	20.20159384	20.20159511	25.72722053	25.72722103	32.27476985	32.27476999	39.7614792	39.76147939	40.03333763	40.74593362	40.74593705	42.88015702	42.88016658
40.8	9.773044902	10.42840201	10.42840247	12.37921552	12.37921647	15.58135402	15.58135419	19.96676564	19.96676695	25.45177573	25.45177576	31.94778291	31.94778315	39.36733634	39.37203436	39.37203456	40.07578035	40.07578379	42.19891512	42.19892248
41	9.609105374	10.26059513	10.26059567	12.19957265	12.19957356	15.38126174	15.38126196	19.73673378	19.73673487	25.18148307	25.18148314	31.62642261	31.62642268	38.71754316	38.98883889	38.98883901	39.42201906	39.42202211	41.53417459	41.53418135
41.2	9.449219341	10.09687836	10.09687892	12.02412909	12.02412997	15.1855506	15.18555075	19.51134174	19.51134291	24.91618058	24.9161807	31.31051915	31.31051931	38.08346308	38.61171347	38.61171384	38.78409453	38.78409737	40.88537747	40.88538427
41.4	9.293253195	9.937117586	9.937118069	11.85274913	11.85274999	14.99408236	14.99408248	19.29044838	19.29044954	24.65572325	24.65572334	30.99992302	30.9999235	37.46462903	38.1615074	38.16151013	38.24050293	38.24050325	40.25202246	40.25202917
41.6	9.141087141	9.781192638	9.781193103	11.68531183	11.68531276	14.80673492	14.80673512	19.0739305	19.07393154	24.39998727	24.3999873	30.69451113	30.69451157	36.86059537	37.55379348	37.55379583	37.87508511	37.87508524	39.63364416	39.63365029
41.8	8.992597797	9.628979644	9.628980095	11.52169187	11.52169271	14.62338051	14.62338061	18.86165687	18.86165785	24.14883749	24.14883753	30.39414343	30.3941437	36.27090329	36.96048143	36.96048377	37.51531333	37.51531345	39.02976886	39.02977433
42	8.847661096	9.48035387	9.480354319	11.36176246	11.36176324	14.44388901	14.44388918	18.6534931	18.653494	23.9021339	23.902134	30.09867282	30.09867291	35.69508812	36.38109892	36.38110054	37.1610313	37.16103147	38.43992088	38.43992607
42.2	8.706173345	9.335211386	9.33521189	11.20541901	11.20541996	14.26815536	14.26815547	18.4493334	18.44933446	23.65977118	23.65977126	29.80799525	29.80799528	35.13275431	35.81524412	35.81524653	36.8121375	36.81213778	37.86369891	37.86370425
42.4	8.568023337	9.193440558	9.193440945	11.05254844	11.05254925	14.09606351	14.09606364	18.24905861	18.24905957	23.42162557	23.4216257	29.52198165	29.52198174	34.58348336	35.26249568	35.2624977	36.46849556	36.4684956	37.30067855	37.30068336
42.6	8.433105989	9.054935632	9.054936106	10.90304353	10.90304435	13.92750427	13.92750432	18.05255622	18.05255723	23.18758119	23.18758132	29.24051165	29.24051175	34.04687419	34.72244912	34.72245038	36.12997842	36.12997871	36.75045357	36.75045822
42.8	8.301324182	8.919599328	8.919599705	10.75680587	10.75680666	13.76237746	13.76237763	17.85972459	17.85972553	22.95753461	22.95753473	28.96348049	28.96348065	33.52255063	34.19472511	34.19472706	35.79648062	35.79648071	36.21264458	36.21264882
43	8.172580568	8.787333699	8.787334065	10.61373631	10.61373702	13.6005819	13.60058206	17.67045944	17.6704603	22.73137812	22.73137819	28.69077606	28.6907761	33.01014523	33.67895568	33.67895721	35.46788306	35.46788321	35.68688056	35.68688476
43.2	8.046784578	8.658047829	8.65804822	10.47374273	10.47374347	13.4420238	13.44202393	17.48466487	17.48466577	22.50901345	22.50901358	28.42229722	28.42229746	32.50930567	33.17478651	33.1747875	35.14408137	35.14408148	35.17280647	35.17281063
43.4	7.923841305	8.531646234	8.531646661	10.33672801	10.33672862	13.286603	13.28660318	17.30223706	17.30223776	22.29033184	22.29033186	28.15792903	28.15792923	32.01967321	32.68185697	32.68185832	34.6700606	34.67006405	34.82495151	34.82495179
43.6	7.803672402	8.408050403	8.408050824	10.20261288	10.20261364	13.13423985	13.13423994	17.12309536	17.12309617	22.07525251	22.07525262	27.89759106	27.89759119	31.54093744	32.19985626	32.19985788	34.17833016	34.17833386	34.51041373	34.5104139
43.8	7.686192777	8.287174782	8.287175116	10.0713106	10.07131127	12.98484493	12.98484508	16.94714773	16.94714848	21.86367961	21.86367975	27.64118256	27.64118265	31.07277393	31.7284591	31.7284607	33.69728894	33.69729246	34.20036047	34.20036077
44	7.571321938	8.168938336	8.168938736	9.942738822	9.942739523	12.8383342	12.83833429	16.7743072	16.77430802	21.6555231	21.65552312	27.38860914	27.38860929	30.61487576	31.26735762	31.26735911	33.22662736	33.22663113	33.89469134	33.89469148
44.2	7.458985672	8.053266658	8.053267038	9.816822229	9.816822855	12.69463077	12.69463091	16.60449559	16.6044963	21.45070299	21.45070301	27.13978958	27.13978972	30.16695188	30.81626024	30.81626145	32.76605369	32.76605679	33.59332318	33.59332322
44.4	7.349109132	7.940084442	7.940084798	9.693484211	9.693484874	12.55365622	12.55365636	16.4376316	16.43763229	21.2491348	21.24913484	26.89463488	26.89463492	29.72871283	30.37487649	30.37487776	32.31527521	32.31527863	33.29616031	33.29616045
44.6	7.241620447	7.829319406	7.829319751	9.572651401	9.57265204	12.41533523	12.41533526	16.27363744	16.27363808	21.05073759	21.05073764	26.65305983	26.65305992	29.29988164	29.94292895	29.94293026	31.87401383	31.87401706	33.00311171	33.00311189
44.8	7.136453052	7.720904663	7.720905056	9.454256013	9.454256681	12.27959866	12.2795987	16.11244256	16.11244318	20.85543934	20.85543935	26.4149909	26.414991	28.88019844	29.5201573	29.52015873	31.4420081	31.44201152	32.71410173	32.71410181
45	7.033539865	7.61477283	7.614773141	9.338229459	9.338230112	12.14637606	12.14637617	15.95397399	15.9539746	20.66316387	20.66316395	26.18034778	26.18034781	28.46940489	29.10630311	29.10630373	31.01899825	31.01900128	32.42904364	32.42904375
45.2	6.932815506	7.510858009	7.510858319	9.224504723	9.224505309	12.0155985	12.01559854	15.79816002	15.79816067	20.47383617	20.4738362	25.94905066	25.94905069	28.06724627	28.70110998	28.70111114	30.60472723	30.60473012	32.14785102	32.14785126
45.4	6.83422283	7.409102876	7.409103222	9.113023849	9.113024421	11.88720721	11.88720723	15.64494127	15.64494187	20.28739611	20.28739617	25.72103896	25.72103914	27.67349785	28.30435374	28.30435506	30.19896953	30.19897243	31.87046264	31.87046275
45.6	6.737698981	7.309444163	7.309444488	9.003722186	9.003722757	11.76113534	11.76113537	15.49424786	15.49424844	20.10377012	20.10377018	25.49623418	25.49623423	27.28791976	27.91579396	27.91579518	29.80148363	29.80148643	31.59679233	31.59679245
45.8	6.643185923	7.211823415	7.211823765	8.896540246	8.896540812	11.6373216	11.63732171	15.34601613	15.34601671	19.92289144	19.9228915	25.2745651	25.27456522	26.91028411	27.53520212	27.5352033	29.41203987	29.41204259	31.32676294	31.32676301
46	6.550631594	7.116188408	7.116188723	8.791425145	8.791425704	11.51571231	11.51571243	15.20019141	15.20019199	19.74470455	19.74470458	25.05597539	25.05597545	26.54038645	27.16237357	27.16237468	29.0304329	29.03043579	31.06031643	31.06031654
46.2	6.459981595	7.022484348	7.022484635	8.688321064	8.688321612	11.39624993	11.39625001	15.0567139	15.05671445	19.56914657	19.5691467	24.84039794	24.84039804	26.1780164	26.79709748	26.7970985	28.65645102	28.65645381	30.79737948	30.79737965
46.4	6.371182807	6.930657742	6.930658013	8.587173403	8.587173949	11.27887805	11.27887816	14.91552489	14.91552541	19.39615599	19.39615609	24.62776734	24.6277674	25.82296643	26.43916597	26.43916685	28.28988523	28.28988777	30.53788124	30.53788138
46.6	6.284184565	6.840657568	6.840657852	8.487930161	8.487930651	11.16354306	11.16354311	14.77656844	14.77656899	19.22567396	19.22567403	24.41802064	24.41802069	25.47503969	26.08838169	26.08838255	27.93053706	27.93053941	30.28175257	30.28175268
46.8	6.198941631	6.752438415	6.752438692	8.390545274	8.390545771	11.05019804	11.05019813	14.63979689	14.63979736	19.05765174	19.05765177	24.21110784	24.21110793	25.13405727	25.74456544	25.74456652	27.57822674	27.57822911	30.02894149	30.02894157
47	6.115406577	6.665952476	6.665952804	8.294970036	8.294970498	10.93879272	10.9387928	14.50515763	14.50515818	18.89203405	18.89203418	24.00696992	24.00697001	24.79983431	25.40753216	25.40753339	27.23276817	27.23277046	29.77938323	29.77938331
47.2	6.033531509	6.581151515	6.581151836	8.201154903	8.201155396	10.82927566	10.82927568	14.37259673	14.3725972	18.72876344	18.72876348	23.80554443	23.80554448	24.47218657	25.07709732	25.07709842	26.89397561	26.89397781	29.53300838	29.53300843
47.4	5.953276246	6.497995186	6.497995428	8.10905913	8.109059554	10.72160529	10.72160534	14.24207181	14.2420723	18.56779678	18.56779683	23.60678731	23.60678735	24.15095367	24.7531003	24.75310112	26.56168801	26.5616901	29.28977107	29.28977124
47.6	5.874597844	6.416440138	6.416440403	8.01863845	8.018638818	10.61573593	10.61573597	14.11353513	14.11353563	18.40908358	18.40908363	23.41064407	23.41064415	23.83596782	24.43537268	24.43537357	26.23573621	26.23573811	29.049611	29.04961138
47.8	5.797452849	6.336442596	6.336442856	7.929847821	7.929848249	10.51162068	10.51162074	13.9869373	13.98693766	18.25257094	18.25257096	23.21705707	23.21705715	23.52706042	24.12374572	24.12374663	25.91595001	25.91595204	28.81246391	28.812464
48	5.721804994	6.257966122	6.257966374	7.842650472	7.842650887	10.40922207	10.40922214	13.86223997	13.86224039	18.09821989	18.09821992	23.02598618	23.02598625	23.22408754	23.81807531	23.81807616	25.60218502	25.60218706	28.57828726	28.57828731
48.2	5.647614709	6.180970807	6.180971069	7.757005484	7.757005907	10.30849768	10.30849772	13.73939871	13.73939914	17.94598308	17.94598315	22.8373801	22.83738017	22.92689533	23.51820724	23.51820806	25.29428622	25.29428816	28.25785944	28.25785971
48.4	5.574844309	6.105418688	6.105418926	7.672873992	7.672874411	10.20940712	10.2094072	13.61837119	13.61837158	17.79581557	17.79581559	22.63533544	22.65118993	22.65119004	23.22399282	23.22399366	24.99210381	24.99210579	27.94227516	27.94227553
48.6	5.503459127	6.031274837	6.031275104	7.590220479	7.590220886	10.11191396	10.11191404	13.4991197	13.49912005	17.64767803	17.64767811	22.34927132	22.46737431	22.46737437	22.93529526	22.93529623	24.69550054	24.69550251	27.63236947	27.63236974
48.8	5.433423765	5.958503611	5.958503864	7.50900837	7.509008798	10.01598027	10.01598033	13.38160444	13.38160482	17.50152835	17.5015284	22.0685651	22.2858875	22.28588754	22.65197657	22.65197748	24.40433749	24.40433949	27.32800208	27.32800248
49	5.364703992	5.887070469	5.88707071	7.429202337	7.42920274	9.921569269	9.921569331	13.26578679	13.26578713	17.35732516	17.35732519	21.79308172	22.10668427	22.10668432	22.37390129	22.37390214	24.11847845	24.11848031	27.02903524	27.02903566
49.2	5.297268306	5.81694369	5.81694394	7.350770027	7.35077044	9.828647759	9.828647798	13.15163234	13.1516327	17.21503267	17.21503273	21.5226973	21.92972689	21.92972692	22.10094527	22.10094625	23.83779867	23.83780063	26.73534376	26.73534389
49.4	5.231084463	5.748090776	5.748091003	7.273678125	7.273678503	9.737181006	9.737181063	13.03910458	13.03910492	17.07461183	17.07461187	21.2572853	21.75497248	21.75497252	21.8329819	21.83298276	23.56217074	23.56217251	26.44679817	26.44679845
49.6	5.16612181	5.680480799	5.680481022	7.197894972	7.197895313	9.647136232	9.647136289	12.9281691	12.92816943	16.9360261	16.93602611	20.99672505	21.56989013	21.56989087	21.58238142	21.58238146	23.29147285	23.29147448	26.16327596	26.16327628
49.8	5.102350072	5.614083208	5.614083452	7.123389213	7.123389532	9.558480782	9.558480846	12.81879146	12.81879181	16.79923852	16.79923861	20.74089805	21.31155119	21.31155186	21.41191317	21.41191318	23.02558551	23.02558703	25.88465628	25.88465663
50	5.039741472	5.548870069	5.548870284	7.050132304	7.050132622	9.471185259	9.471185313	12.7109412	12.7109415	16.66421725	16.66421732	20.48969403	21.05785462	21.05785528	21.24353368	21.2435337	22.76439765	22.76439926	25.6108274	25.61082769
