x_0(nm)	Estado_1(eV)	Estado_2(eV)	Estado_3(eV)	Estado_4(eV)	Estado_5(eV)	Estado_6(eV)	Estado_7(eV)	Estado_8(eV)	Estado_9(eV)	Estado_10(eV)	Estado_11(eV)	Estado_12(eV)	Estado_13(eV)	Estado_14(eV)	Estado_15(eV)	Estado_16(eV)	Estado_17(eV)	Estado_18(eV)	Estado_19(eV)	Estado_20(eV)
-30	-0.05081633607	-0.04021831089	-0.0298851142	-0.01980838767	-0.009982401249	-0.007922273378	-0.00040377413	0.003622517455	0.008928702665	0.0149322012	0.01801414634	0.02599781434	0.02684978367	0.02993238576	0.03542895701	0.03681243125	0.04374566953	0.04736208444	0.04986109533	0.05178795225
-29.75	-0.05016473589	-0.03961030468	-0.02932039017	-0.01928676783	-0.009503819503	-0.007265125692	3.17331347e-05	0.004230535532	0.009320998366	0.01549134502	0.0183629901	0.02650819694	0.02715495361	0.0300898333	0.0356896412	0.03727454257	0.04396128233	0.04777558662	0.04994158525	0.05195756472
-29.5	-0.04951368533	-0.03900305356	-0.02875662454	-0.01876630883	-0.009026601521	-0.00660805365	0.0004656718546	0.004838264929	0.009711517409	0.01604998228	0.01870984482	0.02701770253	0.02745806427	0.03024698836	0.0359478772	0.03773571109	0.04417420245	0.04818777366	0.05002172332	0.05212421072
-29.25	-0.05960459016	-0.04886318879	-0.03839656461	-0.0281938271	-0.01824702321	-0.008550762634	-0.005951058145	0.0008980238554	0.005445702173	0.01010023868	0.01660810654	0.01905468659	0.02752591199	0.02775949844	0.03040384754	0.03620363488	0.0381959241	0.04438439415	0.04859853985	0.05010159815
-29	-0.05890993227	-0.04821325072	-0.03779084504	-0.02763200788	-0.0177289238	-0.008076318493	-0.005294140097	0.00132877058	0.006052843704	0.01048714062	0.0171657111	0.01939749109	0.0280230559	0.02806898844	0.03056040734	0.03645688293	0.03865516909	0.04459182085	0.04900767688	0.0501814007
-28.75	-0.05821562135	-0.04756387567	-0.03718590222	-0.02707117706	-0.01721202367	-0.007603285074	-0.00463730046	0.001757893076	0.00665968587	0.0108722012	0.0177227889	0.01973823368	0.02834972141	0.02854590914	0.03071666414	0.03670758904	0.03911343357	0.04479644511	0.04941467718	0.05026162076
-28.5	-0.0575216592	-0.04691506827	-0.03658174365	-0.02651134507	-0.01669633615	-0.007131678695	-0.003980540218	0.002185371987	0.007266224925	0.01125539793	0.01827933237	0.02007688949	0.0286445462	0.02905158406	0.03087261423	0.03695571996	0.03957070495	0.04499822854	0.04981781918	0.05034396185
-28.25	-0.05682804764	-0.04626683326	-0.035978377	-0.02595252253	-0.01618187487	-0.006661516017	-0.003323860387	0.002611187533	0.007872457025	0.01163670781	0.01883533321	0.02041343366	0.02893622501	0.02955727874	0.03102825379	0.03720124154	0.0400269705	0.04519713183	0.05020579112	0.05043971727
-28	-0.05613478853	-0.04561917543	-0.03537581007	-0.0253947203	-0.01566865375	-0.006192814062	-0.002667262019	0.003035319507	0.008478378219	0.01201610736	0.01939078189	0.02074784179	0.02922533039	0.03006237999	0.0311835789	0.03744411876	0.04048221727	0.04539311469	0.05045245866	0.05067500255
-27.75	-0.05544188374	-0.0449720997	-0.03477405084	-0.02483794944	-0.015156687	-0.005725590224	-0.002010746198	0.003457747253	0.009083984447	0.01239357257	0.01994566656	0.021080091	0.02951194448	0.03056676408	0.03133858554	0.03768431568	0.04093643205	0.0455861358	0.05054898908	0.05105863122
-27.5	-0.05474933519	-0.04432561108	-0.03417310745	-0.02428222128	-0.01464598914	-0.005259862274	-0.001354314046	0.003878449656	0.009689271532	0.01276907891	0.02049997037	0.0214101626	0.0297960718	0.03107038392	0.03149326958	0.03792179545	0.0413896014	0.04577615282	0.05062951779	0.05145644827
-27.25	-0.05405714483	-0.04367971468	-0.03357298822	-0.02372754737	-0.01413657499	-0.00479564838	-0.0006979667219	0.004297405128	0.01029423517	0.0131426013	0.0210536634	0.0217380501	0.03007769479	0.03157321349	0.03164762679	0.0381565203	0.04184171157	0.0459631223	0.05070674062	0.05185573789
-27	-0.05336531464	-0.0430344157	-0.03297370162	-0.02317393951	-0.01362845972	-0.004332967115	-4.170542368e-05	0.00471459159	0.0108988709	0.01351411414	0.02160667025	0.02206379165	0.0303567872	0.03180165284	0.0320752344	0.03838845148	0.04229274851	0.04614699964	0.05078248506	0.05225465218
-26.75	-0.05267384663	-0.04238971948	-0.03237525633	-0.02262140976	-0.01312165883	-0.003871837472	0.0006144686112	0.005129986458	0.01150317411	0.01388359126	0.02215864216	0.0223876978	0.0306333185	0.03195534331	0.03257643143	0.03861754926	0.04274269786	0.0463277391	0.05085726613	0.05265265528
-26.5	-0.05198274286	-0.04174563145	-0.03177766121	-0.02206997046	-0.01261618817	-0.003412278875	0.001270554103	0.005543566627	0.01210713999	0.01425100596	0.02269193736	0.0227273712	0.03090725561	0.03210869364	0.03307679083	0.03884377289	0.04319154491	0.04650529371	0.05093128238	0.05304952735
-26.25	-0.0512920054	-0.04110215714	-0.03118092532	-0.02151963422	-0.01211206394	-0.002954311199	0.001926549731	0.005955308453	0.01271076347	0.01461633105	0.02302451939	0.02326480818	0.03117856363	0.03226169922	0.03357629948	0.03906708054	0.04363927462	0.04667961522	0.05100462527	0.05344515522
-26	-0.05060163638	-0.04045930224	-0.0305850579	-0.02097041392	-0.01160930271	-0.002497954778	0.002582454125	0.006365187733	0.01331403909	0.01497953892	0.02334132874	0.02381502712	0.03144720621	0.0324143553	0.03407494449	0.0392874293	0.04408587157	0.04685065406	0.05107734183	0.0538394696
-25.75	-0.04991163798	-0.03981707252	-0.02999006841	-0.02042232275	-0.01110792145	-0.002043230425	0.003238265871	0.006773179692	0.01391696084	0.0153406017	0.02365529924	0.02436505198	0.0317131457	0.03256665707	0.03457271304	0.03950477512	0.04453131996	0.04701835932	0.05114945802	0.05423242187
-25.5	-0.04922201239	-0.03917547391	-0.02939596655	-0.01987537421	-0.01060793752	-0.001590159448	0.003893983504	0.00717925896	0.01451952163	0.01569949178	0.02396670976	0.02491456053	0.03197634328	0.03271859963	0.03506959217	0.03971907276	0.04497560361	0.04718267863	0.05122098869	0.05434999308
-25.25	-0.04853276186	-0.03853451245	-0.02880276219	-0.01932958208	-0.01010936869	-0.001138763665	0.004549605507	0.007583399553	0.01512171206	0.01605618299	0.02427558947	0.02546347911	0.03223675895	0.03287017801	0.03556556876	0.03993027574	0.04541870592	0.04734355814	0.05129194243	0.05445891782
-25	-0.04784388868	-0.03789419433	-0.02821046548	-0.01878496051	-0.009612233152	-0.0006890654236	0.005205130304	0.007985574855	0.01572351642	0.01641065453	0.02458192399	0.02601177636	0.03249435156	0.03302138719	0.03606062944	0.04013833633	0.04586060987	0.04750094248	0.05136232406	0.05456393196
-24.75	-0.04715539519	-0.03725452587	-0.02761908677	-0.01824152396	-0.009116549538	-0.0002410876183	0.00586055626	0.008385757598	0.01632489498	0.01676290872	0.02488568567	0.02655943284	0.03274907878	0.03317222213	0.03655476057	0.04034320544	0.04630129801	0.04765477464	0.05143213601	0.05466496595
-24.5	-0.04646728377	-0.03661551355	-0.02702863669	-0.01769928725	-0.008622336939	0.000205146289	0.006515881667	0.008783919844	0.01692562308	0.01711313185	0.02518684128	0.02710643333	0.0330008971	0.03332267781	0.03704794819	0.04054483262	0.04674075243	0.04780499595	0.05150137919	0.05476194771
-24.25	-0.04577955685	-0.03597716399	-0.0264391261	-0.01715826556	-0.008129614918	0.0006496122492	0.007171104736	0.009180032973	0.01745821555	0.01752876969	0.02548535449	0.0276527642	0.03324976178	0.03347274925	0.03754017802	0.04074316596	0.04717895472	0.04795154599	0.05157005341	0.05485480241
-24	-0.04509221692	-0.03533948397	-0.02585056613	-0.01661847444	-0.007638403523	0.001092285605	0.007826223571	0.009574067675	0.01780475016	0.01812770403	0.02578118691	0.02819841223	0.03349562682	0.03362243167	0.03803143538	0.04093815207	0.04761588602	0.04809436251	0.05163815779	0.05494345232
-23.75	-0.04440526651	-0.03470248044	-0.02526296819	-0.01607992982	-0.007148723312	0.001533141067	0.008481236121	0.009965993969	0.0181476489	0.01872747138	0.02607429848	0.02874336403	0.0337384449	0.03377172053	0.03852170525	0.04112973595	0.04805152692	0.04823338137	0.0517056909	0.05502781654
-23.5	-0.04371870821	-0.03406616049	-0.02467634398	-0.01554264807	-0.006660595366	0.001972152693	0.009136140081	0.01035578128	0.01848800088	0.01932694001	0.02636464773	0.02928760559	0.03392061178	0.03397816736	0.03901097217	0.04131786099	0.04836853645	0.04848585752	0.05177265094	0.05510781079
-23.25	-0.04303254466	-0.03343053143	-0.02409070547	-0.01500664592	-0.006174041313	0.00240929386	0.009790932602	0.01074339868	0.01882584098	0.01992603123	0.02665219176	0.02983112184	0.03406910213	0.03421474413	0.03949922026	0.04150246886	0.04849975957	0.04891885732	0.05183903585	0.05518334707
-23	-0.04234677858	-0.03279560071	-0.02350606496	-0.01447194058	-0.005689083344	0.002844537243	0.01044560934	0.01112881581	0.01916114823	0.02052472102	0.02693688637	0.03037389605	0.03421718954	0.03444812369	0.03998643322	0.04168349944	0.04862698039	0.04935050529	0.05190484334	0.05525433339
-22.75	-0.04166141272	-0.032161376	-0.02292243506	-0.0139385497	-0.00520574424	0.003277854784	0.01110015973	0.01151200761	0.01949388951	0.02112299624	0.02721868599	0.03091590897	0.03436487406	0.03467825297	0.04047259423	0.04186089071	0.04875012634	0.04978077977	0.051970071	0.05532067339
-22.5	-0.04097644991	-0.03152786514	-0.02233982872	-0.01340649139	-0.004724047388	0.003709217663	0.01175450567	0.01189301552	0.01982402713	0.021720847	0.02749754367	0.0314571373	0.03451215928	0.03490507735	0.04095768601	0.0420345787	0.0488691225	0.0502096585	0.05203471629	0.05538226588
-22.25	-0.04029189306	-0.0308950762	-0.02175825921	-0.01287578424	-0.004244016813	0.004138596273	0.01227126955	0.01240917946	0.0201515209	0.02231826459	0.02777341107	0.03199755087	0.03465905512	0.03512854054	0.04144169076	0.04220449737	0.04898389153	0.05063711856	0.0520987766	0.05543900438
-22	-0.03960774511	-0.03026301744	-0.02117774017	-0.01234644735	-0.003765677195	0.004565960185	0.01264762628	0.01306328577	0.02047632879	0.02291524068	0.02804623837	0.03253710699	0.03480558346	0.03534858453	0.04192459012	0.0423705785	0.04909435356	0.05106313636	0.05216224929	0.0554907766
-21.75	-0.03892400912	-0.02963169734	-0.02059828562	-0.01181850035	-0.003289053901	0.004991278113	0.01302151131	0.01371735913	0.02079840721	0.02351176707	0.02831597425	0.03307573767	0.03495179086	0.03556514951	0.04240636516	0.0425327516	0.04920042611	0.05148768758	0.05222513168	0.05553746372
-21.5	-0.03824068818	-0.02900112463	-0.02001990995	-0.01129196342	-0.00281417301	0.005414517886	0.01339296307	0.01437132005	0.02111771109	0.02410783546	0.02858256581	0.03361331681	0.03509778134	0.03577817379	0.04269094374	0.04288699633	0.04930202396	0.05191074718	0.05228742111	0.05557893972
-21.25	-0.03755778548	-0.02837130826	-0.01944262796	-0.0107668573	-0.002341061345	0.005835646404	0.01376195042	0.01502515739	0.02143419392	0.02470343745	0.02884595852	0.03414955749	0.03524381909	0.03598759373	0.04284507948	0.04336646345	0.04939905906	0.05233228934	0.05234911492	0.05561507047
-21	-0.0368753043	-0.02774225743	-0.01886645486	-0.01024320332	-0.001869746498	0.006254629603	0.01412843484	0.01567886617	0.02174780768	0.02529856442	0.02910609614	0.03468357244	0.03539076795	0.0361933436	0.04299508068	0.04384474565	0.04949144047	0.05241021054	0.0527522874	0.05564571277
-20.75	-0.03619324797	-0.02711398161	-0.01829140631	-0.00972102343	-0.001400256868	0.006671432416	0.01449237515	0.01633244271	0.02205850287	0.02589320753	0.02936292067	0.03521039979	0.03554356565	0.03639535557	0.04314086635	0.04432182131	0.04957907424	0.05247070546	0.05317071386	0.05567071321
-20.5	-0.03551161995	-0.02648649053	-0.0177174984	-0.009200340223	-0.0009326216951	0.007086018726	0.0148537284	0.01698588371	0.0223662284	0.02648735771	0.02961637222	0.03563063324	0.03580159355	0.0365935595	0.0432823525	0.04479766805	0.04966186333	0.05253059727	0.05358754027	0.05568990678
-20.25	-0.03483042376	-0.0258597942	-0.01714474773	-0.008681176963	-0.0004668710924	0.007498351321	0.01521245014	0.01763918596	0.02267093157	0.02708100558	0.02986638898	0.03580256265	0.03630653609	0.03678788292	0.04341945191	0.04527226259	0.04973970758	0.05258988376	0.05400273718	0.05570311544
-20	-0.03414966303	-0.02523390293	-0.01657317137	-0.008163557613	-3.036087959e-06	0.007908391851	0.0155684944	0.01829234622	0.02297255798	0.02767414151	0.03011290709	0.03594943228	0.03683512248	0.03697825088	0.04355207395	0.04574558074	0.04981250361	0.0526485629	0.054416274	0.05571014629
-19.75	-0.03346934149	-0.02460882733	-0.01600278689	-0.007647506868	0.0004588513364	0.00831610077	0.01592181374	0.01894536119	0.02327105147	0.02826675553	0.03035586057	0.03609293771	0.03716458581	0.03736562973	0.04368012433	0.04621759726	0.04988014481	0.05270663299	0.05482811871	0.05571078978
-19.5	-0.03278946296	-0.02398457834	-0.01543361244	-0.007133050185	0.000918758202	0.008721437289	0.01627235915	0.01959822745	0.02356635402	0.02885883736	0.03059518118	0.03623504123	0.03734680744	0.03789606729	0.04380350484	0.04668828571	0.04994252138	0.05276409269	0.05523823658	0.05570481847
-19.25	-0.03211003139	-0.02336116723	-0.0148656667	-0.006620213816	0.001376650488	0.009124359313	0.01662008003	0.02025094148	0.0238584057	0.02945037638	0.03083079835	0.03637621587	0.0375248326	0.03842593289	0.04392211308	0.04715761832	0.04999952029	0.05282094124	0.05564652322	0.05569205103
-19	-0.03143105084	-0.02273860561	-0.01429896895	-0.006109024851	0.001832493085	0.009524823385	0.01696492408	0.02090349961	0.02414714453	0.0300413616	0.03106263904	0.03651662576	0.03769857511	0.03895503219	0.04403584208	0.04762556567	0.05005102544	0.05287717862	0.05567196789	0.05605318561
-18.75	-0.03075252547	-0.02211690548	-0.0137335391	-0.005599511251	0.002286249741	0.009922784621	0.01730683726	0.02155589803	0.02443250643	0.03063178167	0.03129062761	0.03665633789	0.03786794564	0.03948326702	0.04414457996	0.04809209641	0.05009691776	0.05293280593	0.05564453529	0.05645791396
-18.5	-0.0300744596	-0.0214960792	-0.01316939767	-0.00509170189	0.002737883011	0.01031819664	0.01764576371	0.02220813277	0.0247144251	0.03122162483	0.03151468567	0.03679538056	0.0380328515	0.04001057681	0.04424820951	0.04855717664	0.05013707542	0.05298782582	0.05560931284	0.05686076917
-18.25	-0.02939685764	-0.02087613954	-0.0126065659	-0.0045856266	0.003187354197	0.0107110115	0.01798164562	0.02286019967	0.02499283188	0.03173473199	0.0318108789	0.03693376403	0.03819319649	0.04053691791	0.04434660767	0.04902076912	0.05017137417	0.05304224333	0.05556593056	0.05726169873
-18	-0.02871972418	-0.0202570997	-0.0120450657	-0.004081316217	0.003634623292	0.0111011796	0.01831442317	0.0235120944	0.02526765569	0.03195068226	0.03239953128	0.03707148913	0.03834888072	0.041062255	0.04443964498	0.04948283185	0.05019968776	0.0530960672	0.05551397592	0.05766063758
-17.75	-0.02804306393	-0.01963897332	-0.01148491975	-0.003578802629	0.004079648907	0.01148864963	0.01864403443	0.02416381242	0.02553882282	0.03216244899	0.03298756889	0.03720855122	0.03849980042	0.04158655702	0.04452718493	0.0499433153	0.05022188883	0.0531493122	0.05545299172	0.05805747925
-17.5	-0.02736688175	-0.01902177448	-0.0109261515	-0.00307811883	0.004522388212	0.01187336845	0.01897041524	0.02481534896	0.02580625688	0.03236994129	0.03357497819	0.03734494224	0.03864584772	0.0421097951	0.04460908321	0.05023784364	0.05040216405	0.05320200343	0.05538247258	0.05845194364
-17.25	-0.02669118267	-0.01840551779	-0.01036878522	-0.002579298974	0.004962796855	0.01225528103	0.01929349909	0.02546669899	0.0260698786	0.03257306465	0.03416174511	0.03748065183	0.03878691042	0.04263194136	0.0446851868	0.0502474332	0.05085928778	0.05325418498	0.0553018622	0.05884197768
-17	-0.02601597189	-0.01779021833	-0.009812846033	-0.002082378436	0.005400828888	0.01263433033	0.019613217	0.02611785724	0.0263296057	0.03277172079	0.03474785507	0.037615668	0.03892287184	0.04315296824	0.04475533297	0.05025052316	0.05131457328	0.05330593898	0.05521055202	0.05900714182
-16.75	-0.02534125478	-0.01717589175	-0.009258359983	-0.001587393873	0.00583643668	0.01301045719	0.0199294974	0.02658535269	0.02676881811	0.03296580734	0.03533329291	0.03774997747	0.03905361051	0.04367284807	0.04481934801	0.05024698942	0.05176781245	0.05335743324	0.05510788244	0.05893128772
-16.5	-0.02466703691	-0.01656255425	-0.008705354058	-0.001094383296	0.006269570834	0.01338360023	0.02024226598	0.02683703073	0.02741957566	0.03315521767	0.03591804287	0.03788356598	0.03917899997	0.04419155269	0.0448770459	0.05023671056	0.05221856858	0.05340906396	0.05499314774	0.05885256267
-16.25	-0.02399332401	-0.01595022264	-0.008153856256	-0.0006033861381	0.006700180085	0.01375369573	0.0205514455	0.02708454742	0.02807012354	0.0333398405	0.03650208859	0.03801641842	0.03929890856	0.04470905264	0.04492822715	0.05021957073	0.05266561135	0.05346201963	0.05486560614	0.05877327289
-16	-0.02332012207	-0.01533891434	-0.007603895629	-0.0001144433337	0.007128211202	0.0141206775	0.02085695571	0.02732780658	0.02872045497	0.0335195597	0.03708541302	0.03814851902	0.03941319915	0.0449726705	0.04522532332	0.05019546182	0.05310324163	0.05352195603	0.05472449666	0.05869369451
-15.75	-0.02264743725	-0.01472864746	-0.007055502349	0.0003724025983	0.007553608875	0.01448447671	0.0211587131	0.02756670803	0.02937056261	0.03369425385	0.03766799842	0.0382798514	0.03952172893	0.04501014888	0.04574032641	0.05016428587	0.05346293198	0.05365735569	0.05456906423	0.05861391968
-15.5	-0.02197527598	-0.01411944079	-0.006508707769	0.0008571074658	0.007976315604	0.01484502178	0.02145663071	0.02780114738	0.03002043847	0.03386379592	0.03824982631	0.03841039876	0.03962434921	0.0450404014	0.04625403501	0.05012595787	0.05357247261	0.05404038183	0.05439859408	0.05853399879
-15.25	-0.0213036449	-0.01351131388	-0.005963544487	0.001339625309	0.008396271564	0.01520223823	0.02175061799	0.02803101573	0.03067007376	0.03402805279	0.03854014397	0.03883087736	0.03972090527	0.04506314752	0.04676641589	0.05008040888	0.05362838544	0.05421245557	0.05447446416	0.05845396875
-15	-0.02063255094	-0.01290428706	-0.005420046422	0.001819908295	0.008813414477	0.01555604843	0.02204058051	0.02825619941	0.03131945868	0.03418688481	0.03866906979	0.03941113115	0.03981123642	0.04507807738	0.04727743509	0.05002758938	0.05367755334	0.05401015398	0.05491266963	0.05837386139
-14.75	-0.01996200129	-0.01229838147	-0.004878248888	0.00229790661	0.009227679462	0.01590637149	0.02232641975	0.02847657967	0.03196858213	0.03434014523	0.03879715916	0.03989516877	0.03999057327	0.04508484758	0.04778705735	0.04996747303	0.05372432353	0.05379138692	0.05535059884	0.05829370643
-14.5	-0.01929200342	-0.01169361916	-0.004338188682	0.002773568342	0.00963899888	0.01625312305	0.02260803285	0.02869203235	0.03261743123	0.03448767958	0.03892439557	0.03997254412	0.04056916633	0.04508307574	0.04829524599	0.04990006059	0.05355610034	0.05376969451	0.05578719902	0.05821353283
-14.25	-0.01862256512	-0.0110900231	-0.003799904168	0.003246839347	0.01004730216	0.01659621502	0.02288531229	0.02890242756	0.03326599069	0.03462932499	0.03905076373	0.04004316976	0.04114690016	0.04507233423	0.04880196275	0.049825384	0.05330453777	0.05381401388	0.05622206611	0.05813336932
-14	-0.01795369451	-0.01048761726	-0.00326343538	0.003717663114	0.01045251562	0.01693555537	0.02315814564	0.02910762922	0.03391424168	0.03476490934	0.03917625056	0.04010686295	0.04172374754	0.04505214308	0.04930716771	0.0497435105	0.05303727632	0.05385743285	0.05665499011	0.05805324468
-13.75	-0.01728540005	-0.009886426645	-0.002728824125	0.004185980615	0.01085456227	0.01727104787	0.02342641517	0.02930749475	0.03456215983	0.03489425061	0.03930084697	0.04016343219	0.04229968315	0.04502196213	0.04965454673	0.04981081918	0.05275524502	0.05390002691	0.05708583422	0.05797318765
-13.5	-0.01661769057	-0.009286477404	-0.002196114095	0.004651730143	0.01125336158	0.01760259182	0.02368999751	0.02950187454	0.03501715208	0.03520971576	0.03942455083	0.04021268079	0.04287468057	0.04498118278	0.04955864253	0.05031287354	0.05245972342	0.05394183743	0.05751449319	0.05789322656
-13.25	-0.01595057531	-0.008687796872	-0.001665350994	0.005114847135	0.01164882926	0.01793008175	0.02394876325	0.02969061151	0.03513341334	0.03585685709	0.0395473727	0.04025440788	0.04344871205	0.04492911984	0.0494559944	0.05081328517	0.05215232191	0.05398288857	0.05781338817	0.05794087588
-13	-0.01528406391	-0.008090413657	-0.001136582668	0.005575263979	0.01204087703	0.01825340706	0.0242025765	0.02987354057	0.03524280984	0.0365035159	0.0396693471	0.04028840959	0.04402174842	0.0448650043	0.04934684836	0.05131200623	0.05183494789	0.05402319512	0.05773369422	0.0578350365
-12.75	-0.01461816647	-0.007494357731	-0.0006098592535	0.006032909811	0.01242941229	0.01857245169	0.02445129441	0.03005048812	0.0353451058	0.03714956897	0.03979055747	0.04031448069	0.04459375892	0.04478797871	0.04923150204	0.05150976251	0.05180898676	0.05406276647	0.05765414957	0.05768531892
-12.5	-0.01395289358	-0.00689966052	-8.523333482e-05	0.006487710282	0.01281433783	0.01888709374	0.02469476662	0.03022127138	0.0354400464	0.03779478122	0.03991119821	0.04033241678	0.04469709711	0.04516471107	0.04911030582	0.0511791335	0.05230417375	0.05410160883	0.05753759996	0.05757468032
-12.25	-0.01328825632	-0.006306355009	0.0004372398824	0.006939587317	0.01319555156	0.019197205	0.02493283468	0.03038569783	0.03552735573	0.0384386205	0.0400317591	0.04034201693	0.04459133271	0.04573457048	0.04898366291	0.05084558371	0.05279751215	0.0541397265	0.05739218213	0.05749427746
-12	-0.01262426634	-0.005714475853	0.0009575023823	0.007388458839	0.01357294607	0.01950265051	0.02516533138	0.03054356448	0.03560673347	0.03907953814	0.04015374471	0.0403430871	0.04446959722	0.04630330067	0.04885202807	0.05051173857	0.05328894372	0.05417712272	0.05724933433	0.05736254348
-11.75	-0.0119609359	-0.005124059498	0.001475493132	0.007834238475	0.01394640826	0.01980328801	0.02539208004	0.03069465727	0.03567785087	0.03971040204	0.04028424114	0.04033544433	0.04433077605	0.04687086275	0.04871590509	0.05018026662	0.05377840716	0.05421380029	0.05710929104	0.05719841071
-11.5	-0.01129827785	-0.004535144318	0.001991147854	0.008276835231	0.01431581893	0.02009896742	0.02561289362	0.03083875028	0.03574034568	0.0402478964	0.04031892168	0.04050651624	0.0441737835	0.04743721508	0.0485758427	0.04985381057	0.0542497621	0.05426583784	0.05697225227	0.05704139398
-11.25	-0.01063630578	-0.003947770765	0.002504398778	0.008716153134	0.01468105226	0.02038953017	0.02582757387	0.03097560507	0.03579381606	0.04029337419	0.04045234756	0.04106019367	0.04399764009	0.04800231282	0.04843242918	0.0495349056	0.05428501161	0.05475116748	0.05683838436	0.05689150831
-11	-0.009975033975	-0.003361981524	0.003015174365	0.009152090836	0.0150419753	0.02067480852	0.02603591019	0.03110496999	0.03583781299	0.04025868566	0.04057772302	0.04169125368	0.04380157044	0.04828628544	0.04856610728	0.04922588513	0.05431955353	0.05523432378	0.05670782134	0.05674826474
-10.75	-0.009314477551	-0.002777821701	0.003523399004	0.009584541183	0.0153984474	0.0209546248	0.02623767843	0.03122657954	0.03587183109	0.04021477633	0.0406930996	0.04233056483	0.04358511453	0.04813805699	0.04892878005	0.04912854483	0.05435339469	0.0557152297	0.05658066702	0.05661117506
-10.5	-0.008654652476	-0.002195339017	0.004028992678	0.01001339073	0.01575031949	0.02122879052	0.02643263953	0.03134015383	0.03589529733	0.04016161141	0.04080469169	0.04297185458	0.04334823999	0.04798840458	0.04864522343	0.04968956554	0.05438654545	0.05619380116	0.05645699741	0.05647979695
-10.25	-0.00799557566	-0.001614584026	0.004531870592	0.0104385192	0.01609743345	0.02149710549	0.0266205378	0.03144539825	0.03590755764	0.04009921014	0.0409138676	0.04309142833	0.04361370094	0.04783799421	0.04837637692	0.05024910051	0.05441902206	0.05633686348	0.05635374004	0.05666991317
-10	-0.007337265031	-0.001035610365	0.00503194276	0.01085979891	0.01643962123	0.0217593567	0.02680109906	0.03154200335	0.03590786104	0.04002765524	0.04102107114	0.04281575922	0.04425558726	0.04768748653	0.04812289461	0.05080706734	0.05445085104	0.05622029417	0.05623266409	0.05680487769
-9.75	-0.006679739628	-0.0004584750203	0.005529113546	0.01127709407	0.01677670397	0.0220153172	0.02697402834	0.03162964511	0.03589534175	0.0399471023	0.04112646733	0.04252289849	0.0448972857	0.04753752609	0.04788493349	0.05136336121	0.05448207783	0.05610729935	0.05611627427	0.05673091142
-9.5	-0.006023019698	0.0001167613663	0.006023281148	0.0116902601	0.01710849098	0.02226474472	0.02713900713	0.03170798572	0.03586899973	0.03985778872	0.0412301079	0.04221509714	0.04553866662	0.04738873091	0.04766220932	0.05191783549	0.05451278591	0.05599787283	0.05600431618	0.05665767208
-9.25	-0.005367126812	0.0006900341586	0.006514337025	0.01209914275	0.0174347786	0.02250738032	0.02729569008	0.03177667514	0.0358276819	0.03976004166	0.04133196525	0.04189514903	0.04617964674	0.04724168279	0.04745408642	0.05247025378	0.05454314438	0.05589199519	0.05589657058	0.05658522877
-9	-0.004712083989	0.001261274344	0.007002165251	0.01250357715	0.0177553489	0.02274294665	0.02744370088	0.03183535352	0.03577006726	0.03965428435	0.04143146961	0.04156679792	0.04682016491	0.04709691876	0.04725968396	0.05302014699	0.05457355058	0.05578963639	0.05579284841	0.05651363726
-8.75	-0.004057915841	0.001830408105	0.007486641784	0.01290338684	0.0180699682	0.02297114619	0.02758262725	0.03188365497	0.03569466231	0.03954104023	0.04123089899	0.04153127018	0.04695492418	0.04707798078	0.04746017109	0.05356624878	0.05460519418	0.05569075822	0.05569298634	0.05644295367
-8.5	-0.00340464873	0.002397356334	0.007967633645	0.01329838247	0.01837838543	0.02319165925	0.02771201452	0.03192121287	0.03559981622	0.03942093431	0.04089489631	0.04162767062	0.04681612757	0.0469079065	0.04809962008	0.05410276912	0.0546437831	0.05559531638	0.05559684274	0.05637323599
-8.25	-0.00275231095	0.002962034079	0.008444997983	0.01368836053	0.01868033016	0.02340414169	0.02783135761	0.03194766722	0.03548376883	0.03929469125	0.0405609422	0.04172240999	0.04668089766	0.04674841036	0.04873846865	0.05454834234	0.054770595	0.05550326224	0.05550429425	0.05630454462
-8	-0.002100932938	0.003524349925	0.008918581011	0.01407310174	0.0189755104	0.02360822247	0.02794009063	0.0319626743	0.03534474651	0.03916312966	0.04023314398	0.04181529175	0.04654954245	0.0465985088	0.04937667264	0.05465030149	0.05523820214	0.05541454514	0.05541523279	0.05623694296
-7.75	-0.001450547509	0.004084205272	0.00938821679	0.01445236934	0.01926361003	0.023803501	0.02803757355	0.03196591921	0.0351811179	0.03902715248	0.03991534256	0.04190624303	0.04642231028	0.04645731276	0.05001418494	0.05468509742	0.05532911058	0.05532956297	0.05577005186	0.05617049837
-7.5	-0.0008011901237	0.00464149352	0.009853725831	0.01482590699	0.01954428577	0.02398954422	0.0281230749	0.03195713138	0.03499161064	0.03888773325	0.0396110198	0.04199520369	0.0462993928	0.0463240395	0.05065095286	0.05471263715	0.05524690733	0.05524720019	0.05610528376	0.05630612685
-7.25	-0.0001528992052	0.005196099121	0.01031491349	0.01519343648	0.01981716366	0.0241658836	0.02819574929	0.03193610339	0.034775569	0.03874589845	0.03932308129	0.04208211515	0.04618092937	0.04619801371	0.05128691438	0.05473762458	0.0551678821	0.05516806869	0.05604138064	0.05684160407
-7	0.0004942835024	0.005747896488	0.0107715681	0.01555465497	0.02008183478	0.02433201207	0.02825460836	0.03190271295	0.03453320801	0.03860270636	0.03905364759	0.04216691823	0.04606701251	0.04607866142	0.05192199123	0.05476110841	0.05509198333	0.05509210026	0.05597888523	0.05737530537
-6.75	0.001140312514	0.006296748723	0.01122345879	0.01590923185	0.0203378502	0.02448738114	0.02829848385	0.03185694755	0.03426580616	0.03845922314	0.03880391832	0.0422495526	0.04595769415	0.04596550025	0.05255607444	0.05478345015	0.05501916099	0.05501923301	0.05591792227	0.05790672822
-6.5	0.001785138112	0.006842506133	0.01167033297	0.016256805	0.02058471472	0.02463139836	0.02832598154	0.03179893097	0.0339757892	0.03831649724	0.0385741563	0.04232995673	0.04585299207	0.04585812776	0.05318898858	0.05480480665	0.05494936693	0.05494941049	0.05585868005	0.05843556175
-6.25	0.002428705772	0.007385004484	0.0121119133	0.01659697646	0.02082187919	0.02476342582	0.02833542692	0.03172895024	0.03366669431	0.03817553355	0.0383638019	0.04240806797	0.04575289636	0.04575620971	0.05382038319	0.05482525632	0.05488255514	0.05488258091	0.05580151814	0.05896155859
-6	0.003070955479	0.007924062933	0.01254789417	0.0169293073	0.02104873085	0.02488278011	0.02832480661	0.03164748124	0.03334304384	0.03803726881	0.03817168367	0.04248382267	0.04565737545	0.04565946887	0.05444928583	0.05481868069	0.05481869654	0.05484484343	0.05574741347	0.05948448975
-5.75	0.003711820919	0.008459481572	0.01297793746	0.01725331146	0.02126458085	0.02498873495	0.02829171767	0.03155521062	0.03301017677	0.03790255019	0.03799626558	0.04255715636	0.04556638167	0.04556767497	0.05475770418	0.05475771322	0.05486359128	0.05507079479	0.05570126658	0.06000412448
-5.5	0.004351228508	0.008991038482	0.01340166742	0.01756844852	0.02146864806	0.02508052779	0.02823335067	0.03145305139	0.03267406974	0.03777211843	0.03783587457	0.04262800394	0.04547985604	0.04548063594	0.05469958473	0.05469959001	0.05488151718	0.05556130169	0.05578667783	0.06052021934
-5.25	0.004989096219	0.009518486169	0.01381866452	0.01787411499	0.02166003738	0.02515737223	0.02814655247	0.03134214976	0.03234113785	0.03764659691	0.03768887362	0.04269629988	0.04539773239	0.04539819054	0.05464428567	0.05464428883	0.05489863089	0.05556437883	0.05636005861	0.06103251042
-5	0.005625332151	0.01004154723	0.01422845786	0.01816963392	0.02183771016	0.02521847868	0.02802803601	0.03122388026	0.03201796009	0.03752648726	0.03755377159	0.04276197844	0.04531994069	0.04532020227	0.05459177226	0.05459177426	0.05491493896	0.0555206876	0.05698072124	0.06154070676
-4.75	0.006259832784	0.01055990903	0.01463051582	0.01845424237	0.02200044312	0.02526308594	0.02787480475	0.03109982737	0.03171085798	0.03741217156	0.03742927747	0.04282497391	0.04524640968	0.04524655445	0.05454201191	0.05454201329	0.05493044574	0.05547488918	0.05760396621	0.06204448362
-4.5	0.006892480794	0.01107321706	0.01502423432	0.01872707657	0.02214677016	0.02529050675	0.02768480694	0.03097175158	0.03142530351	0.03730392026	0.03731431443	0.04288522089	0.04517706884	0.04517714628	0.05449497414	0.0544949752	0.05494515413	0.05542993719	0.05822678713	0.06254347497
-4.25	0.007523142331	0.01158106667	0.01540892189	0.01898715415	0.02227489912	0.02530018959	0.02745771099	0.03084153967	0.03116525899	0.03720190482	0.03720800871	0.04294265453	0.04511184988	0.04511188978	0.0544506305	0.0544506314	0.05495906604	0.05538655472	0.05884839046	0.06303726449
-4	0.00815166355	0.01208299248	0.01578378044	0.01923335364	0.02238259256	0.02529179822	0.02719556164	0.03071113996	0.03093268958	0.03710621316	0.03710966536	0.04299721086	0.04505068772	0.04505070744	0.05440895449	0.0544089553	0.05497218267	0.05534503768	0.05946838846	0.0635253745
-3.75	0.008777866155	0.01257845485	0.0161478799	0.01946439105	0.02246699945	0.02526530765	0.02690307584	0.0305824858	0.03072749655	0.03701686654	0.03701873914	0.04304882706	0.04499352113	0.04499353044	0.05436992149	0.05436992225	0.05498450477	0.05530555192	0.06008649715	0.06400725188
-3.5	0.009401541568	0.01306682213	0.01650012403	0.019678795	0.02252442946	0.02522111221	0.02658753007	0.0304574133	0.03054792619	0.03693383618	0.03693480552	0.04309744178	0.04494029307	0.04494029725	0.05433350869	0.05433350942	0.05499603276	0.05526821183	0.06070245134	0.0644822498
-3.25	0.01002244319	0.01354734714	0.01683920308	0.01987488315	0.02255008606	0.02516013668	0.0262584192	0.03033758191	0.03039126021	0.03685705854	0.03685753452	0.04314299549	0.0448909509	0.04489095268	0.05429969506	0.05429969574	0.05500676681	0.05523310731	0.06131596946	0.0649496036
-3	0.0106402759	0.01401913542	0.01716352584	0.02005074599	0.02253785237	0.0250839377	0.02592708726	0.03022440794	0.03025450038	0.03678644844	0.03678666861	0.04318543082	0.04484544634	0.04484544707	0.0542684612	0.05426846185	0.05501670693	0.05520031453	0.06192673166	0.06495754321
-2.75	0.01125468149	0.01448110144	0.01747111828	0.02020424987	0.0224803985	0.02499477789	0.02560626721	0.03011902069	0.03013485606	0.03672190967	0.03672200489	0.04322469284	0.04480373546	0.04480373579	0.0542397894	0.05423979001	0.05502585302	0.05516990074	0.06253435965	0.0649369176
-2.5	0.01186521798	0.01493190699	0.01775946482	0.02033307955	0.02237012803	0.02489565206	0.02530907798	0.03002224744	0.0300299941	0.03666334307	0.03666338132	0.04326072948	0.04476577852	0.04476577876	0.05421366351	0.05421366408	0.05503420491	0.05514192654	0.06313839282	0.0649181107
-2.25	0.01247132913	0.01536987253	0.01802524686	0.02043485266	0.02220148842	0.02479024114	0.02504695054	0.02993462824	0.02993810506	0.03661065221	0.03661066651	0.04329349183	0.04473153987	0.04473154013	0.05419006892	0.05419006944	0.05504176236	0.05511644696	0.06373825545	0.06490111559
-2	0.01307229809	0.01579284638	0.01826388859	0.0205073511	0.0219743215	0.02468276829	0.0248268273	0.02985645561	0.02985786155	0.03656374723	0.03656375234	0.04332293446	0.04470098774	0.04470098805	0.05416899253	0.05416899301	0.05504852515	0.05509351196	0.06433320801	0.06488592604
-1.75	0.01366717314	0.01619800762	0.01846873393	0.02054892177	0.02169655804	0.0245777378	0.02464945871	0.02978782998	0.02978832963	0.03652254697	0.03652254888	0.04334901574	0.04467409412	0.04467409447	0.05415042271	0.05415042313	0.05505449302	0.05507316658	0.06487253647	0.06487253776
-1.5	0.01425464181	0.01658156392	0.01862954532	0.02055909056	0.02138491126	0.02447956185	0.02451043805	0.02972872027	0.02972887129	0.03648698013	0.03648698102	0.04337169818	0.04465083459	0.04465083498	0.05413434925	0.05413434962	0.0550554509	0.05505966576	0.06486094199	0.06486094327
-1.25	0.01483279926	0.01693828637	0.01873003304	0.02053940244	0.02106471225	0.02439212931	0.02440315749	0.02967901986	0.02967905763	0.03645698563	0.03645698616	0.04339094864	0.04463118824	0.04463118867	0.05412076338	0.0541207637	0.05504040019	0.05506404305	0.0648511384	0.06485113966
-1	0.01539867248	0.01726081467	0.01874557113	0.02049444874	0.02077008084	0.02431842813	0.02432146686	0.02963859199	0.02963860067	0.03643251252	0.03643251287	0.04340673865	0.04461513754	0.04461513802	0.05410965769	0.05410965795	0.0550280444	0.05506762477	0.06484312212	0.06484312335
-0.75	0.01594706897	0.01753873199	0.01864830153	0.02043295008	0.02053877798	0.02426035602	0.02426091763	0.02960730169	0.02960730519	0.03641351971	0.03641351995	0.04341904458	0.04460266828	0.04460266879	0.05410102616	0.05410102635	0.05501840838	0.05507041072	0.06483689025	0.06483689144
-0.5	0.0164669952	0.01775775666	0.01843068993	0.0203684667	0.02039217521	0.02421879957	0.02421885036	0.02958503507	0.02958503813	0.03639997566	0.03639997583	0.04342784787	0.04459376946	0.04459377	0.0540948641	0.05409486424	0.05501151156	0.05507240077	0.06483244052	0.06483244166
-0.25	0.01692522903	0.01790036803	0.01813763554	0.02031845192	0.02032003781	0.02419394601	0.0241939469	0.02957170856	0.02957171165	0.03639185807	0.03639185819	0.04343313512	0.04458843327	0.04458843383	0.05409116819	0.05409116829	0.05500736793	0.05507359481	0.06482977133	0.06482977242
0	0.01716421399	0.01795023697	0.01795023806	0.02029941379	0.02029941612	0.0241856871	0.02418568729	0.02956727194	0.02956727499	0.03638915365	0.03638915377	0.04343489829	0.04458665504	0.04458665561	0.05408993641	0.05408993652	0.05500598591	0.05507399277	0.0648288817	0.06482888273
0.25	0.01692523151	0.01790036876	0.01813763356	0.0203184515	0.02032003768	0.02419394585	0.02419394679	0.02957170854	0.02957171149	0.03639185799	0.03639185813	0.04343313466	0.0445884332	0.04458843378	0.0540911681	0.05409116826	0.05500736831	0.05507359465	0.06482977133	0.06482977229
0.5	0.01646699825	0.017757758	0.01843068802	0.02036846597	0.0203921748	0.02421879927	0.02421885014	0.02958503503	0.02958503782	0.03639997549	0.03639997571	0.04342784694	0.04459376931	0.0445937699	0.05409486394	0.05409486416	0.05501151232	0.05507240046	0.06483244053	0.06483244141
0.75	0.0159470722	0.01753873379	0.01864830028	0.0204329492	0.02053877708	0.02426035555	0.02426091729	0.02960730162	0.02960730473	0.03641351946	0.03641351978	0.04341904319	0.04460266806	0.04460266864	0.05410102592	0.05410102622	0.05501840951	0.05507041026	0.06483689025	0.06483689106
1	0.01539867578	0.0172608168	0.01874557071	0.02049444785	0.0207700794	0.0243184275	0.02432146641	0.02963859188	0.02963860008	0.03643251218	0.03643251265	0.0434067368	0.04461513724	0.04461513782	0.05410965739	0.05410965777	0.0550280459	0.05506762415	0.06484312213	0.06484312286
1.25	0.0148328026	0.01693828873	0.01873003335	0.02053940164	0.02106471042	0.02439212852	0.02440315691	0.0296790197	0.02967905692	0.03645698522	0.03645698588	0.04339094633	0.04463118785	0.04463118843	0.054120763	0.05412076346	0.05504040206	0.05506404228	0.0648511384	0.06485113905
1.5	0.01425464517	0.01658156644	0.01862954617	0.02055908992	0.02138490926	0.02447956092	0.02451043732	0.02972872004	0.02972887046	0.03648697965	0.03648698067	0.04337169542	0.04465083412	0.0446508347	0.05413434881	0.05413434934	0.05505545309	0.05505966489	0.06486094198	0.06486094255
1.75	0.01366717651	0.01619801025	0.01846873518	0.02054892133	0.02169655606	0.02457773674	0.02464945778	0.02978782969	0.02978832869	0.03652254643	0.03652254845	0.04334901253	0.04467409356	0.04467409414	0.05415042219	0.0541504228	0.05505449191	0.0550731692	0.06487253644	0.06487253695
2	0.01307230146	0.01579284908	0.01826389015	0.02050735087	0.02197431968	0.02468276714	0.02482682612	0.02985645523	0.02985786051	0.03656374663	0.03656375181	0.0433229308	0.0447009871	0.04470098769	0.05416899194	0.05416899262	0.0550485239	0.05509351493	0.06433321455	0.06488592598
2.25	0.0124713325	0.01536987529	0.01802524866	0.02043485264	0.02220148685	0.02479023992	0.02504694908	0.02993462777	0.02993810393	0.03661065156	0.03661066589	0.04329348773	0.04473153913	0.04473153974	0.05419006826	0.05419006901	0.05504176096	0.05511645028	0.063738262	0.0649011155
2.5	0.01186522133	0.01493190978	0.0177594668	0.02033307973	0.02237012678	0.02489565082	0.02530907625	0.03002224686	0.03002999288	0.03666334236	0.03666338062	0.04326072495	0.04476577767	0.04476577836	0.05421366278	0.05421366359	0.05503420335	0.0551419302	0.06313839938	0.06491811056
2.75	0.01125468484	0.01448110425	0.01747112042	0.02020425023	0.02248039755	0.02499477666	0.02560626524	0.03011901999	0.03013485476	0.03672190891	0.0367220041	0.04322468788	0.0448037345	0.04480373537	0.0542397886	0.05423978947	0.05502585131	0.05516990474	0.06253436622	0.06493691739
3	0.01064027923	0.01401913824	0.01716352812	0.02005074653	0.0225378517	0.02508393651	0.02592708511	0.03022440711	0.03025449902	0.03678644762	0.03678666774	0.04318542544	0.04484544529	0.04484544661	0.05426846033	0.05426846126	0.05501670507	0.05520031887	0.06192673824	0.06495754293
3.25	0.01002244651	0.01354734996	0.01683920546	0.01987488384	0.02255008563	0.02516013555	0.02625841692	0.03033758095	0.03039125876	0.03685705767	0.03685753356	0.0431429897	0.04489094977	0.04489095217	0.05429969412	0.05429969509	0.05500676479	0.05523311198	0.06131597605	0.0649496115
3.5	0.009401544876	0.01306682495	0.01650012649	0.01967879583	0.02252442924	0.02522111116	0.02658752775	0.03045741221	0.03054792466	0.03693383525	0.03693480446	0.04309743558	0.04494029187	0.04494029669	0.0543335077	0.05433350871	0.05499603059	0.05526821681	0.06070245794	0.0644822578
3.75	0.008777869449	0.01257845766	0.01614788244	0.019464392	0.02246699941	0.02526530671	0.02690307352	0.03058248458	0.03072749494	0.03701686556	0.03701873799	0.04304882046	0.04499351985	0.04499352982	0.05436992043	0.05436992148	0.05498450244	0.05530555721	0.06008650376	0.06400725998
4	0.00815166683	0.01208299528	0.01578378305	0.01923335471	0.02238259266	0.02529179738	0.02719555937	0.03071113862	0.03093268786	0.03710621212	0.03710966411	0.04299720388	0.04505068638	0.04505070677	0.05440895338	0.05440895447	0.05497218018	0.05534504328	0.05946839508	0.06352538268
4.25	0.007523145595	0.01158106945	0.01540892455	0.01898715533	0.02227489936	0.02530018886	0.02745770883	0.03084153822	0.03116525715	0.03720190373	0.03720800737	0.04294264716	0.04511184847	0.04511188904	0.05445062934	0.0544506305	0.0549590634	0.05538656061	0.05884839708	0.06303727274
4.5	0.006892484043	0.01107321983	0.01502423702	0.01872707783	0.02214677051	0.02529050613	0.02768480492	0.03097175003	0.03142530156	0.03730391911	0.037314313	0.04288521314	0.04517706737	0.04517714547	0.05449497293	0.05449497423	0.05494515134	0.05542994336	0.05822679376	0.06254348329
4.75	0.006259836017	0.01055991178	0.01463051856	0.01845424373	0.02200044357	0.02526308543	0.02787480288	0.03109982573	0.03171085591	0.03741217033	0.03742927595	0.0428249658	0.04524640815	0.04524655357	0.05454201066	0.05454201223	0.0549304428	0.05547489564	0.05760397285	0.062044492
5	0.005625335368	0.01004154996	0.01422846062	0.01816963535	0.0218377107	0.02521847827	0.02802803431	0.03122387856	0.0320179579	0.03752648597	0.03755376998	0.04276196997	0.04531993912	0.04532020131	0.05459177097	0.05459177311	0.05491493586	0.05552069432	0.05698072788	0.0615407152
5.25	0.004989099419	0.009518488876	0.0138186673	0.01787411649	0.021660038	0.02515737192	0.02814655095	0.031342148	0.03234113556	0.03764659554	0.03768887192	0.04269629107	0.04539773077	0.0453981895	0.05464428435	0.0546442876	0.05489862764	0.05556438581	0.05636006526	0.06103251891
5.5	0.004351231693	0.008991041165	0.01340167022	0.01756845008	0.02146864875	0.02508052757	0.02823334931	0.0314530496	0.03267406738	0.03777211698	0.03783587278	0.0426279948	0.04547985438	0.04548063481	0.05469958336	0.0546995887	0.05488151378	0.05556130881	0.0557866846	0.06052022789
5.75	0.003711824087	0.008459484231	0.01297794027	0.01725331308	0.02126458161	0.02498873481	0.02829171647	0.03155520881	0.03301017435	0.03790254866	0.03799626372	0.04255714689	0.04556637997	0.04556767375	0.05475770277	0.05475771183	0.05486358772	0.05507080153	0.05570127399	0.06000413308
6	0.00307095863	0.007924065567	0.012547897	0.01692930897	0.02104873167	0.02488278004	0.02832480555	0.03164747943	0.03334304139	0.03803726719	0.03817168172	0.04248381287	0.04565737373	0.04565946755	0.05444929255	0.05481867924	0.05481869507	0.05484483972	0.05574742114	0.05948449838
6.25	0.002428708906	0.007385007093	0.01211191613	0.01659697818	0.02082188007	0.02476342582	0.028335426	0.03172894843	0.03366669185	0.03817553183	0.03836379987	0.04240805786	0.04575289461	0.04575620828	0.05382038992	0.05482525245	0.05488255364	0.05488257937	0.05580152603	0.05896156728
6.5	0.001785141229	0.006842508716	0.0116703358	0.01625680675	0.02058471565	0.02463139843	0.02832598075	0.03179892918	0.03397578675	0.03831649544	0.03857415417	0.04232994632	0.04585299029	0.04585812622	0.05318899532	0.05480480264	0.05494936538	0.05494940887	0.05585868816	0.05843557047
6.75	0.001140315614	0.00629675128	0.01122346162	0.01590923364	0.02033785118	0.02448738126	0.02829848317	0.0318569458	0.03426580374	0.03845922125	0.03880391611	0.0422495419	0.04595769235	0.04596549859	0.05255608119	0.05478344598	0.0550191594	0.05501923132	0.05591793059	0.05790673698
7	0.0004942865859	0.005747899018	0.01077157092	0.0155546568	0.02008183581	0.02433201224	0.02825460779	0.03190271123	0.03453320564	0.03860270438	0.0390536453	0.04216690724	0.04606701069	0.04607865965	0.05192199799	0.0547611041	0.05509198168	0.05509209849	0.05597889375	0.05737531416
7.25	-0.0001528961388	0.005196101624	0.01031491631	0.01519343833	0.01981716473	0.0241658838	0.02819574882	0.03193610171	0.03477556669	0.03874589639	0.03932307891	0.04208210389	0.04618092753	0.04619801182	0.05128692115	0.05473762013	0.0551678804	0.05516806686	0.05604138934	0.0568416129
7.5	-0.0008011870744	0.004641495997	0.009853728643	0.01482590887	0.01954428688	0.02398954446	0.02812307453	0.03195712975	0.0349916084	0.03888773111	0.03961101735	0.04199519216	0.04629939095	0.04632403749	0.05065095965	0.05471263257	0.05524690557	0.05524719829	0.05610529265	0.05630613569
7.75	-0.001450544477	0.004084207721	0.009388219592	0.01445237124	0.01926361117	0.02380350128	0.02803757326	0.03196591764	0.03518111573	0.03902715026	0.03991534003	0.04190623124	0.0464223084	0.04645731062	0.05001419174	0.05468509277	0.05532910877	0.05532956101	0.05577006066	0.05617050742
8	-0.002100929923	0.003524352347	0.008918583802	0.01407310366	0.01897551158	0.02360822278	0.02794009041	0.03196267278	0.03534474442	0.03916312737	0.04023314138	0.0418152797	0.04654954055	0.04659850654	0.04937667945	0.05465029705	0.05523821061	0.0554145427	0.05541523074	0.05623695217
8.25	-0.002752307952	0.002962036474	0.008445000761	0.01368836246	0.01868033137	0.02340414202	0.02783135747	0.03194766574	0.03548376683	0.0392946889	0.04056093955	0.04172239771	0.04668089575	0.04674840797	0.04873847547	0.05454834345	0.0547705978	0.05550326029	0.05550429216	0.05630455399
8.5	-0.003404645749	0.002397358701	0.007967636408	0.01329838441	0.01837838668	0.02319165961	0.02771201445	0.03192121145	0.03559981429	0.03942093192	0.04089489361	0.0416276581	0.04681612564	0.046907904	0.04809962692	0.05410277755	0.05464377848	0.05559531436	0.05559684058	0.05637324551
8.75	-0.004057912878	0.001830410445	0.007486644531	0.01290338879	0.01806996947	0.02297114657	0.02758262724	0.0318836536	0.03569466045	0.03954103779	0.04123089623	0.04153125744	0.04695492222	0.04707797816	0.04746017795	0.0535662577	0.05460518894	0.05569075616	0.05569298412	0.05644296332
9	-0.004712081043	0.001261276657	0.007002167981	0.01250357912	0.01775535019	0.02274294703	0.02744370093	0.0318353522	0.03577006548	0.03965428188	0.04143145672	0.04156679506	0.04682017178	0.04709691678	0.04725968122	0.05302015605	0.0545735451	0.05578963427	0.05579284613	0.05651364704
9.25	-0.005367123883	0.0006900364439	0.006514339737	0.01209914472	0.01743477992	0.02250738072	0.02729569018	0.03177667387	0.03582768019	0.03976003917	0.04133195207	0.04189514622	0.04617965362	0.04724168077	0.04745408357	0.05247026291	0.05454313872	0.055891993	0.05589656824	0.05658523868
9.5	-0.006023016786	0.0001167636244	0.006023283841	0.01169026208	0.01710849232	0.02226474514	0.02713900728	0.0317079845	0.03586899809	0.03985778622	0.04123009451	0.04221509431	0.04553867351	0.04738872885	0.04766220636	0.05191784467	0.05451278008	0.05599787058	0.05600431378	0.05665768211
9.75	-0.006679736733	-0.0004584727894	0.00552911622	0.01127709605	0.01677670533	0.02201531762	0.02697402853	0.03162964393	0.03589534016	0.03994709979	0.04112645374	0.04252289564	0.0448972926	0.04753752399	0.04788493044	0.05136337044	0.05448207184	0.05610729703	0.0561162718	0.05673092156
10	-0.007337262154	-0.001035608161	0.005031945414	0.01085980088	0.01643962261	0.02175935713	0.02680109928	0.03154200222	0.03590785952	0.04002765274	0.04102105736	0.04281575635	0.04425559416	0.04768748439	0.04812289148	0.05080707661	0.05445084489	0.05622029179	0.05623266156	0.05680488794
10.25	-0.0079955728	-0.001614581849	0.004531873224	0.01043852118	0.01609743485	0.02149710593	0.02662053806	0.03144539716	0.03590755617	0.04009920766	0.04091385365	0.04309142545	0.04361370785	0.04783799201	0.0483763737	0.05024910982	0.05441901576	0.05633686104	0.05635373745	0.05666992216
10.5	-0.008654649634	-0.002195336867	0.004028995289	0.0100133927	0.01575032091	0.02122879096	0.02643263982	0.03134015277	0.03589529591	0.04016160894	0.04080467757	0.04297186148	0.04334823709	0.04798840233	0.04864522015	0.04968957489	0.05438653899	0.05619381018	0.0564569949	0.05647979429
10.75	-0.009314474725	-0.002777819578	0.003523401593	0.009584543153	0.01539844883	0.02095462524	0.02623767876	0.03122657852	0.03587182972	0.04021477389	0.04069308536	0.04233057169	0.04358511162	0.04813805468	0.04892877672	0.04912855422	0.05435338808	0.05571523876	0.05658066446	0.05661117232
11	-0.009975031166	-0.003361979428	0.003015176931	0.0091520928	0.01504197675	0.02067480896	0.02603591054	0.03110496901	0.03583781167	0.04025868325	0.04057770876	0.04169126041	0.04380156751	0.04828628306	0.04856611671	0.04922588175	0.05431954677	0.05523433287	0.05670781872	0.05674826193
11.25	-0.01063630299	-0.003947768695	0.002504401321	0.00871615509	0.01468105372	0.02038953061	0.02582757424	0.03097560411	0.03579381477	0.04029337182	0.04045233384	0.0410601997	0.04399763715	0.04800232229	0.04843242674	0.04953490219	0.05428500469	0.0547511766	0.05683838168	0.05689150543
11.5	-0.01129827508	-0.004535142275	0.001991150374	0.008276837179	0.0143158204	0.02009896786	0.02561289402	0.03083874935	0.03574034443	0.04024789158	0.04031891935	0.04050651322	0.04417378056	0.04743722459	0.04857584019	0.04985380714	0.05424975503	0.05426584699	0.05697224955	0.05704139102
11.75	-0.01196093314	-0.005124057481	0.001475495628	0.007834240413	0.01394640975	0.01980328845	0.02539208045	0.03069465637	0.03567784965	0.03971040785	0.04028422735	0.04033544204	0.0443307731	0.0468708723	0.04871590251	0.05018026317	0.05377841634	0.05421379308	0.05710928826	0.0571984077
12	-0.0126242636	-0.005714473863	0.0009575048544	0.007388460766	0.01357294756	0.01950265095	0.02516533181	0.03054356361	0.03560673228	0.03907954484	0.04015372989	0.04034308486	0.04446959426	0.04630331026	0.04885202542	0.05051173512	0.05328895293	0.05417711536	0.05724933151	0.05736254071
12.25	-0.01328825359	-0.006306353045	0.0004372423301	0.006939589232	0.01319555306	0.01919720544	0.02493283513	0.03038569697	0.03552735456	0.0384386274	0.04003174395	0.04034201473	0.04459132974	0.04573458011	0.04898366018	0.05084558026	0.05279752139	0.05413971899	0.05739217927	0.05749428766
12.5	-0.01395289087	-0.006899658582	-8.523091171e-05	0.006487712184	0.01281433934	0.01888709418	0.02469476708	0.03022127056	0.03544004525	0.0377947882	0.03991118285	0.04033241463	0.04469709414	0.04516472073	0.04911030302	0.05117913005	0.05230418301	0.05410160117	0.05753759706	0.0575746912
12.75	-0.01461816378	-0.007494355819	-0.0006098568552	0.006032911699	0.0124294138	0.01857245212	0.02445129488	0.03005048732	0.03534510467	0.03714957601	0.03979054193	0.04031447859	0.04459376862	0.04478797575	0.04923149917	0.05150975906	0.05180899604	0.05406275866	0.05765416054	0.05768531598
13	-0.01528406124	-0.008090411771	-0.001136580295	0.005575265852	0.01204087855	0.01825340748	0.02420257698	0.02987353979	0.03524280872	0.03650352297	0.03966933141	0.04028840753	0.04402175816	0.04486500135	0.04934684542	0.05131201554	0.05183494445	0.05402318716	0.05773370525	0.05783503353
13.25	-0.01595057266	-0.008687795011	-0.001665348646	0.005114848992	0.01164883079	0.01793008216	0.02394876373	0.02969061074	0.03513341223	0.03585686419	0.03954735687	0.04025440587	0.04344872183	0.0449291169	0.0494559914	0.05081329451	0.05215231848	0.05398288047	0.05781339923	0.05794088608
13.5	-0.01661768793	-0.009286475569	-0.002196111773	0.004651731984	0.0112533631	0.01760259223	0.02368999799	0.02950187379	0.03501715098	0.03520972288	0.03942453486	0.04021267882	0.04287469038	0.04498117986	0.04955863946	0.0503128829	0.05245971999	0.05394182918	0.05751450346	0.05789323766
13.75	-0.01728539743	-0.009886424835	-0.002728821828	0.004185982439	0.0108545638	0.01727104827	0.02342641566	0.02930749401	0.03456216697	0.03489424951	0.03930083087	0.04016343026	0.042299693	0.04502195922	0.0496545436	0.04981082856	0.0527552416	0.05390001852	0.05708584457	0.05797319877
14	-0.0179536919	-0.01048761547	-0.003263433108	0.00371766492	0.01045251715	0.01693555576	0.02315814613	0.0291076285	0.03391424883	0.03476490825	0.03917623434	0.04010686106	0.04172375743	0.04505214019	0.04930717711	0.04974350731	0.0530372729	0.05385742431	0.05665500052	0.05805325582
14.25	-0.01862256253	-0.01109002134	-0.003799901922	0.003246841134	0.01004730369	0.01659621541	0.02288531278	0.02890242685	0.03326599786	0.0346293239	0.03905074739	0.04004316791	0.04114691009	0.04507233137	0.04880197217	0.04982538076	0.05330453434	0.05381400521	0.05622207659	0.05813338048
14.5	-0.01929200085	-0.01169361743	-0.004338186461	0.002773570111	0.009639000411	0.01625312343	0.02260803333	0.02869203166	0.03261743842	0.03448767849	0.03892437912	0.0399725423	0.0405691763	0.0450830729	0.04829525543	0.04990005731	0.0535560969	0.05376968571	0.05578720955	0.05821354401
14.75	-0.01996199874	-0.01229837976	-0.004878246694	0.002297908359	0.009227680992	0.01590637187	0.02232642023	0.02847657899	0.03196858934	0.03434014413	0.0387971426	0.03989516698	0.03999058328	0.04508484477	0.04778706681	0.04996746971	0.0537243146	0.05379138345	0.05535060941	0.05829371762
15	-0.02063254841	-0.01290428537	-0.005420044253	0.001819910023	0.008813416004	0.01555604879	0.02204058099	0.02825619874	0.03131946591	0.03418688371	0.03866905312	0.03941114119	0.03981123466	0.0450780746	0.04727744457	0.05002758602	0.05367754433	0.05401015049	0.0549126802	0.05837387259
15.25	-0.02130364238	-0.01351131223	-0.005963542345	0.001339627016	0.008396273088	0.01520223858	0.02175061846	0.02803101507	0.030670081	0.03402805168	0.03854012719	0.03883088744	0.03972090353	0.04506314477	0.04676642539	0.05008040549	0.05362837644	0.05421245204	0.05447447463	0.05845397995
15.5	-0.02197527348	-0.01411943916	-0.006508705652	0.0008571091524	0.007976317125	0.01484502213	0.02145663118	0.02780114673	0.03002044573	0.0338637948	0.03824983643	0.03841038188	0.03962434749	0.04504039868	0.04625404453	0.05012595446	0.05357246413	0.05404039168	0.05439859049	0.05853400999
15.75	-0.02264743477	-0.01472864585	-0.007055500258	0.0003724042632	0.007553610392	0.01448447704	0.02115871355	0.02756670739	0.02937056989	0.03369425273	0.03766800859	0.03827983443	0.03952172723	0.04501014619	0.04574033595	0.05016428244	0.05346293136	0.0536573576	0.05456906059	0.05861393088
16	-0.0233201196	-0.01533891276	-0.007603893564	-0.0001144416907	0.007128212714	0.01412067782	0.02085695616	0.02732780594	0.02872046227	0.03351955856	0.03708542322	0.03814850195	0.03941319746	0.04497266785	0.04522533286	0.05019545838	0.05310325153	0.05352194734	0.05472449296	0.0586937057
16.25	-0.02399332156	-0.01595022108	-0.008153854217	-0.0006033845174	0.006700181591	0.01375369605	0.02055144594	0.0270845468	0.02807013085	0.03333983936	0.03650209883	0.03801640126	0.03929890689	0.04470906223	0.04492822451	0.05021956729	0.0526656221	0.05346200999	0.05486560237	0.05877328407
16.5	-0.02466703447	-0.01656255272	-0.008705352045	-0.001094381698	0.006269572334	0.01338360053	0.02024226641	0.02683703012	0.02741958298	0.03315521651	0.03591805315	0.03788354873	0.0391789983	0.04419156229	0.04487704329	0.05023670711	0.05221857954	0.05340905402	0.0549931439	0.05885257384
16.75	-0.02534125237	-0.01717589024	-0.009258357995	-0.001587392298	0.005836438173	0.01301045748	0.01992949782	0.02658535208	0.02676882545	0.03296580617	0.03533330322	0.03774996013	0.03905360885	0.04367285768	0.04481934543	0.05024698598	0.05176782351	0.0533574231	0.05510787852	0.05893129886
17	-0.02601596949	-0.01779021684	-0.009812844071	-0.002082376884	0.005400830372	0.01263433061	0.01961321741	0.0261178646	0.02632960509	0.0327717196	0.03474786542	0.03761565057	0.03892287019	0.04315297787	0.04475533041	0.05025051973	0.05131458441	0.05330592867	0.05521054802	0.05900715287
17.25	-0.02669118029	-0.01840551632	-0.01036878328	-0.002579297446	0.004962798332	0.0122552813	0.01929349948	0.02546670637	0.026069878	0.03257306345	0.0341617555	0.03748063432	0.03878690877	0.042631951	0.04468518427	0.05024742979	0.05085929896	0.05325417452	0.05530185813	0.0588419865
17.5	-0.02736687938	-0.01902177304	-0.01092614959	-0.003078117326	0.00452238968	0.01187336871	0.01897041562	0.02481535635	0.02580625628	0.03236994007	0.03357498862	0.03734492465	0.03864584606	0.04210980476	0.04460908069	0.05023784027	0.05040217528	0.05320199282	0.05538246843	0.05845195253
17.75	-0.02804306158	-0.0196389719	-0.01148491787	-0.003578801149	0.004079650365	0.01148864987	0.01864403479	0.02416381983	0.02553882223	0.03216244776	0.03298757936	0.03720853355	0.03849979876	0.0415865667	0.04452718243	0.04994332659	0.05022188546	0.05314930144	0.05545298748	0.05805748822
18	-0.02871972185	-0.02025709831	-0.01204506384	-0.004081314761	0.003634624739	0.01110117983	0.01831442351	0.02351210182	0.0252676551	0.03195068102	0.03239954179	0.03707147139	0.03834887906	0.04106226468	0.04443964249	0.04948284319	0.05019968442	0.05309605629	0.0555139716	0.05766064662
18.25	-0.02939685533	-0.02087613817	-0.01260656407	-0.004585625168	0.003187355634	0.01071101172	0.01798164594	0.02286020711	0.0249928313	0.03173473073	0.03181088945	0.03693374622	0.03819319481	0.04053692761	0.04434660519	0.0490207805	0.05017137087	0.05304223227	0.05556592616	0.05726170784
18.5	-0.0300744573	-0.02149607785	-0.01316939587	-0.005091700483	0.002737884436	0.01031819685	0.01764576402	0.02220814022	0.02471442451	0.03122163541	0.03151468439	0.03679536268	0.03803284981	0.04001058652	0.04424820704	0.04855718806	0.05013707215	0.05298781462	0.05560930836	0.05686077834
18.75	-0.03075252319	-0.02211690415	-0.01373353731	-0.005599509869	0.002286251155	0.009922784819	0.01730683756	0.0215559055	0.02443250585	0.0306317923	0.03129062631	0.03665631994	0.03786794395	0.03948327675	0.04414457749	0.04809210787	0.05009691453	0.05293279459	0.05564453073	0.05645792319
19	-0.03143104857	-0.02273860431	-0.0142989672	-0.006109023494	0.001832494486	0.009524823571	0.01696492435	0.02090350709	0.02414714394	0.03004137226	0.03106263773	0.03651660775	0.03769857341	0.03895504193	0.0440358396	0.04762557717	0.05005102225	0.05287716713	0.05567196325	0.0560531949
19.25	-0.03211002914	-0.02336116594	-0.01486566497	-0.006620212484	0.001376651877	0.009124359486	0.01662008028	0.02025094898	0.02385840511	0.02945038708	0.03083079702	0.0363761978	0.03752483088	0.03842594262	0.0439221106	0.04715762986	0.04999951715	0.0528209296	0.05564653236	0.05569204653
19.5	-0.03278946073	-0.02398457708	-0.01543361073	-0.007133048877	0.0009187595774	0.008721437449	0.01627235939	0.01959823496	0.02356635344	0.02885884809	0.03059517983	0.03623502311	0.0373468057	0.03789607702	0.04380350235	0.04668829729	0.04994251828	0.05276408091	0.05523824594	0.05570481373
19.75	-0.03346933927	-0.02460882609	-0.01600278521	-0.007647505586	0.000458852698	0.008316100918	0.01592181395	0.01894536871	0.02327105088	0.0282667663	0.0303558592	0.03609291957	0.03716458406	0.03736563944	0.04368012182	0.04621760887	0.04988014176	0.05270662107	0.05482812813	0.05571078497
20	-0.03414966083	-0.02523390171	-0.01657316971	-0.008163556356	-3.03474053e-06	0.007908391986	0.01556849459	0.01829235376	0.02297255739	0.02767415232	0.03011290571	0.03594941418	0.0368351321	0.03697824911	0.04355207143	0.04574559239	0.0498125006	0.05264855084	0.05441628346	0.05571014142
20.25	-0.03483042158	-0.02585979301	-0.0171447461	-0.008681175731	-0.0004668697597	0.007498351443	0.0152124503	0.01763919352	0.02267093098	0.02708101643	0.02986638758	0.0358025449	0.03630654531	0.03678788113	0.04341944937	0.04527227427	0.04973970462	0.05258987156	0.05400274668	0.05570311051
20.5	-0.03551161778	-0.02648648936	-0.0177174968	-0.009200339016	-0.0009326203774	0.007086018834	0.01485372855	0.01698589128	0.0223662278	0.02648736859	0.0296163708	0.03563062145	0.03580159676	0.03659355769	0.04328234994	0.04479767976	0.04966186042	0.05253058493	0.05358754981	0.0556899018
20.75	-0.03619324582	-0.02711398046	-0.01829140473	-0.009721022249	-0.001400255566	0.006671432511	0.01449237527	0.0163324503	0.02205850227	0.02589321846	0.02936291923	0.03521040829	0.03554354854	0.03639535375	0.04314086376	0.04432183306	0.04957907137	0.05247069297	0.05317072344	0.05567070818
21	-0.03687530216	-0.02774225631	-0.0188664533	-0.01024320217	-0.001869745211	0.006254629685	0.01412843494	0.01567887377	0.02174780707	0.02529857538	0.02910609469	0.03468358204	0.0353907497	0.03619334177	0.04299507806	0.04384475743	0.04949143764	0.05241019792	0.05275229701	0.0556457077
21.25	-0.03755778336	-0.02837130716	-0.01944262643	-0.01076685617	-0.002341060075	0.005835646472	0.0137619505	0.01502516501	0.02143419331	0.02470344845	0.02884595705	0.03414956726	0.03524380062	0.03598759187	0.04284507682	0.04336647526	0.04939905628	0.05233229897	0.05234910216	0.05561506536
21.5	-0.03824068607	-0.02900112355	-0.02001990844	-0.01129196232	-0.002814171757	0.00541451794	0.01339296312	0.01437132767	0.02111771048	0.0241078465	0.02858256432	0.03361332665	0.03509776276	0.03577817192	0.04269094104	0.04288700817	0.04930202122	0.05191075684	0.0522874082	0.05557893457
21.75	-0.03892400703	-0.02963169628	-0.02059828414	-0.01181849928	-0.003289052665	0.004991278154	0.01302151134	0.01371736677	0.02079840659	0.02351177814	0.02831597274	0.03307574755	0.0349517722	0.03556514761	0.04240637703	0.04253274886	0.04920042342	0.05148769727	0.05222511863	0.05553745854
22	-0.03960774304	-0.0302630164	-0.02117773872	-0.0123464463	-0.003765675976	0.004565960211	0.0126476263	0.01306329342	0.02047632816	0.02291525179	0.02804623685	0.0325371169	0.03480556474	0.03534858262	0.04192460202	0.04237057572	0.04909435091	0.05106314607	0.0521622361	0.05549077139
22.25	-0.040291891	-0.03089507518	-0.02175825778	-0.01287578321	-0.004244015611	0.004138596286	0.01227126959	0.01240918708	0.02015152026	0.02231827573	0.02777340953	0.0319975608	0.03465903634	0.03512853861	0.04144170269	0.04220449454	0.04898388891	0.0506371283	0.05209876327	0.05543899914
22.5	-0.04097644787	-0.03152786415	-0.02233982731	-0.01340649039	-0.004724046205	0.003709217662	0.01175451341	0.01189301542	0.01982402649	0.02172085819	0.02749754211	0.03145714724	0.03451214045	0.03490507541	0.04095769797	0.04203457583	0.04886911991	0.05020966826	0.05203470282	0.05538226061
22.75	-0.04166141069	-0.03216137502	-0.02292243368	-0.01393854873	-0.005205743075	0.003277854769	0.01110016746	0.01151200751	0.01949388886	0.02112300746	0.0272186844	0.03091591893	0.03436485517	0.03467825101	0.04047260621	0.04186088778	0.04875012379	0.04978078954	0.05197005739	0.0553206681
23	-0.04234677657	-0.03279559975	-0.0235060636	-0.01447193963	-0.005689082198	0.002844537214	0.01044561708	0.01112881569	0.01916114757	0.02052473228	0.02693688476	0.03037390602	0.0342171706	0.03444812171	0.03998644522	0.04168349646	0.04862697787	0.04935051507	0.0519048296	0.05525432808
23.25	-0.04303254267	-0.03343053049	-0.02409070413	-0.01500664499	-0.006174040186	0.002409293817	0.009790940345	0.01074339853	0.01882584031	0.01992604253	0.02665219014	0.02983113183	0.03406908314	0.03421474214	0.03949923229	0.04150246583	0.04849975708	0.04891886712	0.05183902197	0.05518334174
23.5	-0.04371870623	-0.03406615958	-0.02467634266	-0.01554264716	-0.006660594259	0.001972152635	0.009136147837	0.01035578111	0.0184880002	0.01932695134	0.02636464608	0.0292876156	0.03392059275	0.03397816535	0.03901098422	0.0413178579	0.04836853399	0.04848586732	0.05177263692	0.05510780544
23.75	-0.04440526455	-0.03470247954	-0.0252629669	-0.01607992895	-0.007148722224	0.001533140994	0.008481243891	0.009965993771	0.01814764821	0.01872748275	0.02607429682	0.02874337405	0.03373844287	0.03377170146	0.03852171733	0.04112973279	0.04805153674	0.04823337892	0.05170567674	0.05502781118
24	-0.04509221497	-0.0353394831	-0.02585056487	-0.01661847359	-0.007638402455	0.001092285518	0.007826231354	0.009574067449	0.01780474946	0.01812771542	0.02578118523	0.02819842226	0.03349562478	0.03362241255	0.03803144749	0.04093814885	0.04761589584	0.04809436008	0.0516381435	0.05494344695
24.25	-0.04577955492	-0.03597716314	-0.02643912486	-0.01715826474	-0.00812961387	0.0006496121479	0.007171112533	0.00918003272	0.01745821511	0.01752878085	0.02548535279	0.02765277424	0.03324975973	0.03347273009	0.03754019015	0.04074316269	0.04717896455	0.04795154357	0.05157003898	0.05485479702
24.5	-0.04646728185	-0.03661551272	-0.02702863547	-0.01769928645	-0.008622335912	0.0002051461731	0.006515889478	0.008783919563	0.0169256345	0.01711313117	0.02518683956	0.02710644338	0.03300089504	0.0333226586	0.03704796035	0.04054482928	0.04674076226	0.04780499355	0.05150136463	0.05476194231
24.75	-0.04715539329	-0.03725452506	-0.02761908558	-0.01824152319	-0.00911654853	-0.0002410877489	0.005860564084	0.008385757288	0.01632490648	0.01676290798	0.02488568394	0.02655944288	0.0327490767	0.03317220289	0.03655477274	0.04034320203	0.04630130785	0.04765477225	0.05143212132	0.05466496054
25	-0.04784388679	-0.03789419353	-0.02821046431	-0.01878495976	-0.009612232165	-0.000689065569	0.005205138142	0.007985574516	0.01572352796	0.01641065377	0.02458192224	0.02601178641	0.03249434947	0.03302136791	0.03606064163	0.04013833285	0.04586061971	0.0475009401	0.05136230923	0.05456392654
25.25	-0.04853275999	-0.03853451167	-0.02880276105	-0.01932958135	-0.01010936773	-0.001138763825	0.004549613358	0.007583399185	0.01512172364	0.01605618221	0.02427558772	0.02546348917	0.03223675685	0.03287015869	0.03556558097	0.0399302722	0.04541871576	0.04734355576	0.05129192747	0.05445891239
25.5	-0.04922201054	-0.03917547315	-0.02939596542	-0.0198753735	-0.01060793658	-0.001590159623	0.003893991369	0.007179258563	0.01451953324	0.015699491	0.023966708	0.02491457058	0.03197634117	0.03271858027	0.03506960441	0.03971906915	0.04497561344	0.04718267625	0.0512209736	0.05434998763
25.75	-0.04991163614	-0.03981707178	-0.02999006732	-0.02042232208	-0.01110792053	-0.002043230615	0.00323827375	0.006773179265	0.01391697249	0.0153406009	0.02365529749	0.024365062	0.03171314358	0.03256663767	0.0345727253	0.03950477144	0.04453132979	0.04701835694	0.0511494428	0.0542324341
26	-0.05060163456	-0.04045930152	-0.03058505682	-0.02097041327	-0.01160930181	-0.002497954983	0.002582462017	0.006365187276	0.01331405077	0.0149795381	0.02334132704	0.02381503708	0.03144720408	0.03241433586	0.03407495677	0.03928742556	0.0440858814	0.04685065168	0.05107732648	0.05383948192
26.25	-0.05129200359	-0.04110215644	-0.03118092427	-0.02151963359	-0.01211206306	-0.002954311419	0.001926557637	0.005955307966	0.01271077519	0.01461633022	0.02302451791	0.02326481791	0.03117856149	0.03226167974	0.03357631177	0.03906707672	0.04363928445	0.04667961282	0.05100460979	0.05344516762
26.5	-0.05198274106	-0.04174563077	-0.03177766018	-0.02206996986	-0.01261618731	-0.00341227911	0.001270562023	0.00554356611	0.01210715175	0.01425100511	0.02269194338	0.0227273734	0.03090725347	0.03210867413	0.03307680315	0.038843769	0.04319155473	0.0465052913	0.05093126679	0.05304953983
26.75	-0.05267384486	-0.04238971882	-0.03237525533	-0.02262140918	-0.013121658	-0.003871837722	0.0006144765442	0.005129985911	0.01150318591	0.01388359039	0.02215865272	0.02238769544	0.03063331635	0.03195532376	0.03257644376	0.0386175453	0.04274270767	0.04632773668	0.05085725042	0.05265266783
27	-0.05336531288	-0.04303441506	-0.03297370064	-0.02317393895	-0.01362845891	-0.004332967381	-4.169747725e-05	0.004714591012	0.01089888273	0.01351411325	0.02160668067	0.02206378942	0.03035678505	0.03180163327	0.03207524674	0.03838844745	0.04229275831	0.0461469972	0.05078246925	0.05225466478
27.25	-0.05405714309	-0.04367971405	-0.03357298726	-0.02372754683	-0.0141365742	-0.004795648661	-0.0006979587621	0.004297404519	0.01029424703	0.0131426004	0.02105367378	0.02173804791	0.03007769264	0.03157322584	0.03164760718	0.0381565162	0.04184172136	0.04596311984	0.05070672475	0.05185575051
27.5	-0.05474933346	-0.04432561048	-0.03417310652	-0.02428222077	-0.01464598837	-0.00525986257	-0.001354306073	0.003878449016	0.009689283428	0.01276907798	0.02049998073	0.0214101604	0.02979606966	0.03107039628	0.03149324993	0.03792179128	0.04138961118	0.04577615034	0.05062950193	0.05145646081
27.75	-0.05544188202	-0.04497209911	-0.03477404993	-0.02483794896	-0.01515668626	-0.005725590535	-0.002010738211	0.003457746582	0.009083996377	0.01239357163	0.01994567691	0.0210800888	0.02951194234	0.03056677645	0.03133856586	0.03768431144	0.04093644181	0.0455861333	0.05054897359	0.05105864334
28	-0.05613478683	-0.04561917486	-0.03537580918	-0.02539471983	-0.01566865303	-0.006192814389	-0.002667254019	0.003035318805	0.008478390183	0.0120161064	0.01939079224	0.02074783957	0.02922532827	0.03006239235	0.03118355919	0.03744411445	0.04048222702	0.04539311215	0.05045244682	0.05067501096
28.25	-0.05682804596	-0.04626683271	-0.03597837613	-0.02595252209	-0.01618187417	-0.006661516359	-0.003323852375	0.0026111868	0.007872469023	0.01163670683	0.01883534357	0.02041343142	0.02893622293	0.02955729107	0.03102823405	0.03720123717	0.04002698024	0.04519712927	0.05020580054	0.05043970436
28.5	-0.05752165753	-0.04691506774	-0.03658174281	-0.02651134465	-0.01669633547	-0.007131679053	-0.003980532192	0.002185371222	0.007266236957	0.01125539693	0.01827934273	0.02007688722	0.02864454422	0.02905159631	0.03087259446	0.03695571552	0.03957071467	0.04499822594	0.04981783176	0.05034394572
28.75	-0.0582156197	-0.04756387516	-0.03718590139	-0.02707117667	-0.01721202301	-0.007603285448	-0.004637292422	0.00175789228	0.006659697936	0.01087220019	0.01772279926	0.01973823138	0.02834971981	0.02854592102	0.03071664434	0.03670758453	0.03911344327	0.04479644248	0.04941469021	0.05026160412
29	-0.05890993063	-0.04821325022	-0.03779084423	-0.02763200751	-0.01772892317	-0.008076318882	-0.005294132046	0.001328769752	0.006052855803	0.01048713958	0.01716572147	0.01939748876	0.02802306634	0.02806898828	0.03056038751	0.03645687836	0.03865517877	0.04459181819	0.04900769009	0.05018138381
29.25	-0.05960458853	-0.04886318831	-0.03839656382	-0.02819382676	-0.01824702261	-0.008550763039	-0.00595105008	0.0008980229961	0.005445714306	0.01010023762	0.01660811692	0.01905468423	0.02752592486	0.02775949587	0.03040382769	0.03620363024	0.03819593376	0.04438439145	0.04859855316	0.05010158109
29.5	-0.04951368487	-0.0390030528	-0.02875662421	-0.01876630824	-0.009026601941	-0.006608045573	0.0004656709636	0.004838277094	0.009711516331	0.01604999267	0.01870984243	0.0270177153	0.0274580618	0.03024696847	0.0359478725	0.03773572073	0.04417419971	0.04818778704	0.05002170611	0.05212420494
29.75	-0.05016473544	-0.03961030394	-0.02932038987	-0.01928676727	-0.009503819939	-0.007265117602	3.173221186e-05	0.00423054773	0.009320997267	0.01549135542	0.01836298768	0.02650820968	0.02715495119	0.03008981339	0.03568963643	0.03727455218	0.04396127955	0.04777560008	0.0499415679	0.0519575589
30	-0.05081633565	-0.04021831017	-0.02988511392	-0.01980838714	-0.009982401701	-0.007922265275	-0.0004037750847	0.003622529687	0.008928701546	0.01493221161	0.01801414388	0.02599782706	0.02684978127	0.02993236583	0.03542895219	0.03681244083	0.0437456667	0.04736209795	0.04986107784	0.05178794639
