% Model:              PROYECTO.mph
% Version:            COMSOL 5.6.0.280
% Date:               Jul 11 2026, 13:52
% Table:              Tabla 4 - Valor propio
% n                                               lambda                                            Energía propia (meV)                              Probabilidad total (1)
1                                                 0.01716418576618689                               17.16418576618689                                 0.9999999999999996
1                                                 0.017950206986274225                              17.950206986274225                                1.0000000000000018
1                                                 0.017950210690722043                              17.95021069072204                                 1.0000000000000009
1                                                 0.020299384573235435                              20.299384573235432                                1.0000000000000022
1                                                 0.02029938517759848                               20.299385177598477                                0.9999999999999989
1                                                 0.024185653615149724                              24.185653615149725                                0.9999999999999992
1                                                 0.02418565575594732                               24.185655755947316                                0.9999999999999989
1                                                 0.029567235620406473                              29.56723562040647                                 1.0000000000000013
1                                                 0.029567239075577595                              29.567239075577593                                0.9999999999999993
1                                                 0.03638911231939089                               36.38911231939089                                 0.9999999999999989
1                                                 0.03638911290629862                               36.389112906298614                                1
1                                                 0.04343489828538837                               43.434898285388364                                0.9999999999999996
1                                                 0.04458660687325453                               44.58660687325453                                 0.9999999999999994
1                                                 0.04458660835493858                               44.58660835493857                                 0.9999999999999999
1                                                 0.054089879661686185                              54.08987966168618                                 0.9999999999999996
1                                                 0.054089880769185236                              54.08988076918523                                 1.0000000000000016
1                                                 0.055005985902612686                              55.005985902612686                                0.999999999999998
1                                                 0.055073992764886504                              55.0739927648865                                  1.000000000000004
1                                                 0.06482881493344037                               64.82881493344036                                 0.9999999999999994
1                                                 0.06482881539531192                               64.8288153953119                                  0.9999999999999998
1                                                 0.06837197691097323                               68.37197691097322                                 1.0000000000000004
1                                                 0.06920425197683745                               69.20425197683745                                 0.9999999999999991
1                                                 0.06920427528924025                               69.20427528924024                                 0.9999999999999993
1                                                 0.07169093667286708                               71.69093667286707                                 1.0000000000000009
1                                                 0.07169134876888833                               71.69134876888832                                 1
1                                                 0.0758516477435969                                75.85164774359689                                 0.9999999999999996
1                                                 0.0758516561496001                                75.85165614960009                                 0.9999999999999997
1                                                 0.07673759550653622                               76.73759550653621                                 0.9999999999999982
1                                                 0.07673759686331799                               76.73759686331799                                 1.0000000000000002
1                                                 0.081677159091948                                 81.677159091948                                   0.9999999999999999
1                                                 0.0816771720830771                                81.67717208307708                                 0.9999999999999997
1                                                 0.08356338582896614                               83.56338582896612                                 0.9999999999999998
1                                                 0.085574004639654                                 85.57400463965399                                 0.9999999999999973
1                                                 0.08917087875865194                               89.17087875865194                                 1.0000000000000018
1                                                 0.08917088466855103                               89.17088466855101                                 0.9999999999999997
1                                                 0.0897581855470956                                89.75818554709558                                 0.9999999999999981
1                                                 0.08975818773825037                               89.75818773825036                                 1.0000000000000018
1                                                 0.09833029270747624                               98.33029270747623                                 1.0000000000000027
1                                                 0.09833029906186365                               98.33029906186364                                 0.9999999999999999
1                                                 0.10384222092010129                               103.84222092010128                                1.0000000000000018
1                                                 0.10384222698008364                               103.84222698008362                                0.9999999999999996
1                                                 0.1091454981366604                                109.1454981366604                                 0.999999999999999
1                                                 0.10914550386628852                               109.14550386628851                                1.0000000000000009
1                                                 0.11895129335287087                               118.95129335287086                                1.000000000000001
1                                                 0.1189512939650562                                118.9512939650562                                 0.9999999999999999
1                                                 0.12159586601809468                               121.59586601809467                                1.0000000000000002
1                                                 0.12159587433231758                               121.59587433231758                                1.0000000000000002
1                                                 0.12614440391187992                               126.1444039118799                                 1.0000000000000002
1                                                 0.1261602778486643                                126.16027784866428                                0.9999999999999989
1                                                 0.13505596486045368                               135.05596486045366                                1.0000000000000016
1.2                                               0.01716418563538144                               17.16418563538144                                 1.0000000000000029
1.2                                               0.01795020696481392                               17.950206964813916                                1.0000000000000007
1.2                                               0.017950210622766555                              17.95021062276655                                 0.9999999999999998
1.2                                               0.020299384565170303                              20.2993845651703                                  0.9999999999999996
1.2                                               0.020299385174136583                              20.29938517413658                                 0.9999999999999989
1.2                                               0.024185653614437877                              24.18565361443787                                 0.9999999999999996
1.2                                               0.024185655755296118                              24.185655755296114                                1.0000000000000004
1.2                                               0.02956723562032676                               29.567235620326755                                0.9999999999999996
1.2                                               0.029567239075420623                              29.567239075420616                                0.9999999999999994
1.2                                               0.036389112319342956                              36.38911231934295                                 0.9999999999999983
1.2                                               0.03638911290624791                               36.38911290624791                                 0.9999999999999993
1.2                                               0.043380010005797526                              43.380010005797516                                0.9999999999999992
1.2                                               0.04458660687322006                               44.586606873220056                                1.0000000000000009
1.2                                               0.044586608354897195                              44.586608354897194                                1.0000000000000002
1.2                                               0.05408987966165215                               54.08987966165214                                 1.0000000000000009
1.2                                               0.05408988076915056                               54.089880769150554                                1.000000000000001
1.2                                               0.05498543034248512                               54.98543034248512                                 1.0000000000000013
1.2                                               0.05500972580661618                               55.009725806616174                                0.9999999999999981
1.2                                               0.0648288149334095                                64.82881493340949                                 1.0000000000000004
1.2                                               0.06482881539528401                               64.82881539528401                                 1.0000000000000009
1.2                                               0.06837197023872255                               68.37197023872254                                 0.9999999999999989
1.2                                               0.06920425019455877                               69.20425019455875                                 0.9999999999999992
1.2                                               0.06920425218541526                               69.20425218541526                                 1.000000000000001
1.2                                               0.07169093522807832                               71.6909352280783                                  1.000000000000001
1.2                                               0.07169134132584773                               71.69134132584772                                 1.0000000000000004
1.2                                               0.07585164763358919                               75.85164763358918                                 1.0000000000000002
1.2                                               0.07585165607344983                               75.85165607344983                                 0.9999999999999989
1.2                                               0.07673759550651388                               76.73759550651387                                 1.0000000000000027
1.2                                               0.07673759686329526                               76.73759686329525                                 1.000000000000001
1.2                                               0.08167715908749541                               81.67715908749541                                 0.9999999999999992
1.2                                               0.08167717207228814                               81.67717207228813                                 0.9999999999999989
1.2                                               0.083557304841881                                 83.55730484188099                                 1.0000000000000009
1.2                                               0.0855329539913507                                85.5329539913507                                  0.9999999999999954
1.2                                               0.08917087875725814                               89.17087875725814                                 1.0000000000000002
1.2                                               0.08917088466675267                               89.17088466675266                                 0.9999999999999989
1.2                                               0.08975818554707987                               89.75818554707986                                 0.9999999999999988
1.2                                               0.08975818773823516                               89.75818773823515                                 0.9999999999999998
1.2                                               0.09833029270680575                               98.33029270680575                                 1.0000000000000016
1.2                                               0.09833029906107525                               98.33029906107525                                 0.9999999999999999
1.2                                               0.10384222092009163                               103.84222092009162                                0.9999999999999998
1.2                                               0.10384222698007389                               103.84222698007387                                0.9999999999999984
1.2                                               0.10914549813611482                               109.14549813611481                                0.9999999999999997
1.2                                               0.10914550386574015                               109.14550386574014                                0.9999999999999998
1.2                                               0.118951293352893                                 118.95129335289299                                0.9999999999999998
1.2                                               0.11895129396505064                               118.95129396505062                                0.9999999999999996
1.2                                               0.12159586601757333                               121.59586601757333                                1.0000000000000018
1.2                                               0.12159587433185282                               121.5958743318528                                 0.9999999999999993
1.2                                               0.12614036330463244                               126.14036330463242                                0.9999999999999997
1.2                                               0.12614233853247428                               126.14233853247427                                1.000000000000004
1.2                                               0.13505595925069144                               135.05595925069144                                1.0000000000000007
1.4                                               0.017164185454819444                              17.164185454819442                                0.9999999999999998
1.4                                               0.017950206896104576                              17.950206896104575                                1.0000000000000029
1.4                                               0.017950210582048085                              17.950210582048083                                0.9999999999999997
1.4                                               0.020299384560247755                              20.299384560247752                                1.0000000000000007
1.4                                               0.020299385168088185                              20.299385168088182                                0.9999999999999992
1.4                                               0.02418565361392959                               24.18565361392959                                 0.9999999999999994
1.4                                               0.024185655754943775                              24.18565575494377                                 0.9999999999999981
1.4                                               0.029567235620291565                              29.567235620291562                                1
1.4                                               0.02956723907539298                               29.567239075392976                                0.9999999999999983
1.4                                               0.036389112319344705                              36.389112319344704                                1.0000000000000013
1.4                                               0.036389112906249715                              36.389112906249714                                1.0000000000000016
1.4                                               0.0432989558720152                                43.2989558720152                                  1.0000000000000004
1.4                                               0.04458660687322591                               44.586606873225904                                1.0000000000000007
1.4                                               0.04458660835490282                               44.58660835490282                                 0.9999999999999987
1.4                                               0.054089879661659075                              54.08987966165907                                 1.0000000000000004
1.4                                               0.054089880769158744                              54.08988076915873                                 0.9999999999999997
1.4                                               0.05489732213561127                               54.89732213561127                                 0.999999999999996
1.4                                               0.05498390180420154                               54.98390180420154                                 0.9999999999999996
1.4                                               0.06482881493341763                               64.82881493341763                                 0.9999999999999984
1.4                                               0.06482881539529142                               64.82881539529141                                 0.9999999999999983
1.4                                               0.06837195969964786                               68.37195969964786                                 0.9999999999999981
1.4                                               0.06920421933602786                               69.20421933602785                                 0.9999999999999993
1.4                                               0.06920424867176114                               69.20424867176114                                 0.9999999999999999
1.4                                               0.07169092726257095                               71.69092726257095                                 0.9999999999999983
1.4                                               0.07169133817908689                               71.69133817908688                                 1
1.4                                               0.07585164758096888                               75.85164758096887                                 0.999999999999999
1.4                                               0.07585165601901869                               75.85165601901869                                 0.9999999999999997
1.4                                               0.07673759550652084                               76.73759550652083                                 1.0000000000000007
1.4                                               0.07673759686330173                               76.73759686330172                                 1.000000000000003
1.4                                               0.08167715908461233                               81.67715908461233                                 1.0000000000000004
1.4                                               0.08167717207114548                               81.67717207114548                                 1.0000000000000009
1.4                                               0.08352355223099653                               83.52355223099651                                 1.0000000000000007
1.4                                               0.08551519926213247                               85.51519926213247                                 1.0000000000000002
1.4                                               0.08917087875712745                               89.17087875712745                                 1.0000000000000004
1.4                                               0.08917088466677385                               89.17088466677384                                 0.9999999999999992
1.4                                               0.08975818554708498                               89.75818554708496                                 0.9999999999999996
1.4                                               0.08975818773824003                               89.75818773824003                                 0.9999999999999991
1.4                                               0.09833029270685352                               98.33029270685351                                 1.0000000000000004
1.4                                               0.09833029906110582                               98.3302990611058                                  1.0000000000000033
1.4                                               0.10384222092009507                               103.84222092009506                                1
1.4                                               0.10384222698007753                               103.84222698007753                                1.0000000000000004
1.4                                               0.10914549813617173                               109.14549813617171                                0.9999999999999991
1.4                                               0.1091455038658186                                109.14550386581858                                0.9999999999999988
1.4                                               0.11895129335286735                               118.95129335286734                                0.9999999999999991
1.4                                               0.11895129396505288                               118.95129396505287                                0.999999999999999
1.4                                               0.12159586601767104                               121.59586601767103                                0.9999999999999992
1.4                                               0.12159587433194391                               121.5958743319439                                 1.0000000000000002
1.4                                               0.12612515310000633                               126.12515310000632                                1.000000000000003
1.4                                               0.1261397687794132                                126.1397687794132                                 0.9999999999999982
1.4                                               0.13505595758623268                               135.05595758623267                                0.9999999999999999
1.6                                               0.017164185681326813                              17.16418568132681                                 1.0000000000000004
1.6                                               0.017950206969284718                              17.950206969284718                                1.0000000000000002
1.6                                               0.0179502106519889                                17.9502106519889                                  1.0000000000000018
1.6                                               0.020299384569208392                              20.29938456920839                                 1.0000000000000007
1.6                                               0.020299385174596285                              20.29938517459628                                 0.9999999999999991
1.6                                               0.024185653614775746                              24.18565361477574                                 1.0000000000000018
1.6                                               0.024185655755399715                              24.18565575539971                                 1.0000000000000024
1.6                                               0.029567235620352364                              29.56723562035236                                 0.9999999999999999
1.6                                               0.02956723907545132                               29.56723907545132                                 0.9999999999999996
1.6                                               0.03638911231936687                               36.389112319366866                                0.9999999999999984
1.6                                               0.03638911290626741                               36.38911290626741                                 1.0000000000000002
1.6                                               0.04339819259240087                               43.39819259240086                                 1.0000000000000036
1.6                                               0.044586606873247114                              44.58660687324711                                 0.9999999999999998
1.6                                               0.04458660835492455                               44.58660835492454                                 0.9999999999999992
1.6                                               0.05408987966168326                               54.089879661683256                                1.0000000000000007
1.6                                               0.0540898807691809                                54.08988076918089                                 0.9999999999999994
1.6                                               0.055012442565809644                              55.01244256580964                                 1.0000000000000009
1.6                                               0.05501282151444618                               55.012821514446166                                0.9999999999999981
1.6                                               0.06482881493343948                               64.82881493343947                                 1.0000000000000013
1.6                                               0.06482881539531199                               64.82881539531199                                 1.0000000000000002
1.6                                               0.06837197229699976                               68.37197229699976                                 0.999999999999999
1.6                                               0.06920425082486                                  69.20425082485998                                 1.0000000000000007
1.6                                               0.06920426009015038                               69.20426009015037                                 0.9999999999999996
1.6                                               0.07169093362546401                               71.69093362546401                                 0.9999999999999992
1.6                                               0.07169134579481024                               71.69134579481023                                 1.0000000000000016
1.6                                               0.07585164769766234                               75.85164769766233                                 0.9999999999999996
1.6                                               0.07585165608613925                               75.85165608613924                                 1.0000000000000018
1.6                                               0.07673759550653714                               76.73759550653713                                 1.0000000000000002
1.6                                               0.07673759686331832                               76.73759686331832                                 1.000000000000001
1.6                                               0.08167715908915589                               81.67715908915588                                 0.9999999999999977
1.6                                               0.08167717207534422                               81.67717207534422                                 1
1.6                                               0.08355046008209124                               83.55046008209123                                 0.9999999999999967
1.6                                               0.08555781226196882                               85.5578122619688                                  1.0000000000000009
1.6                                               0.0891708787576777                                89.17087875767767                                 0.9999999999999988
1.6                                               0.08917088466732588                               89.17088466732588                                 1.0000000000000007
1.6                                               0.08975818554709583                               89.75818554709582                                 1
1.6                                               0.0897581877382512                                89.7581877382512                                  0.9999999999999993
1.6                                               0.09833029270713235                               98.33029270713233                                 1.0000000000000004
1.6                                               0.09833029906144249                               98.33029906144249                                 1
1.6                                               0.10384222092010152                               103.8422209201015                                 1.0000000000000016
1.6                                               0.10384222698008388                               103.84222698008386                                0.9999999999999987
1.6                                               0.10914549813650679                               109.14549813650677                                1.0000000000000004
1.6                                               0.10914550386612643                               109.1455038661264                                 1.0000000000000013
1.6                                               0.11895129335287126                               118.95129335287125                                0.9999999999999994
1.6                                               0.1189512939650756                                118.95129396507559                                0.9999999999999991
1.6                                               0.12159586601803674                               121.59586601803672                                1.0000000000000016
1.6                                               0.12159587433227825                               121.59587433227824                                0.999999999999999
1.6                                               0.12613667336089726                               126.13667336089725                                1.0000000000000042
1.6                                               0.12615383148815879                               126.15383148815877                                0.9999999999999972
1.6                                               0.13505595964252182                               135.0559596425218                                 0.9999999999999999
1.8                                               0.01716418550697528                               17.164185506975276                                0.9999999999999992
1.8                                               0.01795020689539699                               17.950206895396988                                1.0000000000000018
1.8                                               0.017950210613516843                              17.95021061351684                                 0.9999999999999999
1.8                                               0.020299384561051848                              20.299384561051845                                0.9999999999999988
1.8                                               0.020299385170262835                              20.299385170262834                                0.9999999999999993
1.8                                               0.024185653614003197                              24.185653614003193                                1.0000000000000002
1.8                                               0.024185655755132054                              24.185655755132053                                1.0000000000000022
1.8                                               0.029567235620353197                              29.56723562035319                                 1.000000000000001
1.8                                               0.029567239075410492                              29.56723907541049                                 0.9999999999999998
1.8                                               0.03638911231938832                               36.38911231938832                                 0.9999999999999982
1.8                                               0.036389112906294596                              36.38911290629459                                 1.0000000000000009
1.8                                               0.04332217671608448                               43.32217671608448                                 0.9999999999999973
1.8                                               0.04458660687327716                               44.586606873277155                                0.9999999999999991
1.8                                               0.04458660835495637                               44.58660835495637                                 1.0000000000000013
1.8                                               0.05408987966171304                               54.089879661713034                                1.0000000000000004
1.8                                               0.05408988076921326                               54.08988076921326                                 0.9999999999999998
1.8                                               0.05489458915683538                               54.89458915683537                                 0.9999999999999993
1.8                                               0.055018936914898155                              55.01893691489815                                 0.9999999999999991
1.8                                               0.06482881493346615                               64.82881493346615                                 1
1.8                                               0.06482881539534019                               64.82881539534019                                 1
1.8                                               0.06837196276845497                               68.37196276845496                                 1.0000000000000018
1.8                                               0.0692042192201157                                69.2042192201157                                  1.0000000000000004
1.8                                               0.06920425853561801                               69.20425853561801                                 1.0000000000000002
1.8                                               0.07169092838681414                               71.69092838681412                                 0.999999999999999
1.8                                               0.0716913398798034                                71.6913398798034                                  1.0000000000000024
1.8                                               0.07585164758696827                               75.85164758696827                                 1.0000000000000022
1.8                                               0.07585165605245899                               75.85165605245898                                 1.000000000000002
1.8                                               0.07673759550655797                               76.73759550655797                                 1.0000000000000004
1.8                                               0.07673759686334018                               76.73759686334017                                 1.0000000000000013
1.8                                               0.08167715908876064                               81.67715908876063                                 1.0000000000000007
1.8                                               0.0816771720710349                                81.6771720710349                                  1.0000000000000016
1.8                                               0.08352833934808442                               83.5283393480844                                  1
1.8                                               0.08552472185408343                               85.52472185408341                                 0.9999999999999998
1.8                                               0.08917087875811613                               89.17087875811613                                 0.9999999999999981
1.8                                               0.08917088466770269                               89.1708846677027                                  1.0000000000000004
1.8                                               0.08975818554711062                               89.75818554711061                                 1.0000000000000009
1.8                                               0.08975818773826581                               89.7581877382658                                  1.000000000000001
1.8                                               0.09833029270761656                               98.33029270761654                                 0.9999999999999987
1.8                                               0.09833029906191172                               98.3302990619117                                  1.0000000000000013
1.8                                               0.10384222092011078                               103.84222092011076                                0.9999999999999988
1.8                                               0.10384222698009306                               103.84222698009306                                1.0000000000000013
1.8                                               0.1091454981369256                                109.14549813692558                                0.9999999999999983
1.8                                               0.10914550386662694                               109.14550386662692                                1.0000000000000018
1.8                                               0.11895129335287599                               118.95129335287598                                0.9999999999999987
1.8                                               0.1189512939650613                                118.95129396506128                                0.9999999999999993
1.8                                               0.12159586601845854                               121.59586601845852                                0.9999999999999999
1.8                                               0.12159587433275297                               121.59587433275297                                0.9999999999999989
1.8                                               0.1261310175107183                                126.13101751071831                                1.0000000000000007
1.8                                               0.12613943381934242                               126.13943381934241                                1.0000000000000002
1.8                                               0.13505596537452544                               135.0559653745254                                 0.9999999999999996
2                                                 0.01716418556386469                               17.164185563864688                                1.0000000000000018
2                                                 0.017950206914485164                              17.950206914485165                                1.0000000000000004
2                                                 0.017950210624985474                              17.95021062498547                                 1.0000000000000024
2                                                 0.020299384567480816                              20.299384567480814                                1.0000000000000004
2                                                 0.02029938516601318                               20.299385166013177                                1
2                                                 0.02418565361408677                               24.185653614086764                                0.9999999999999978
2                                                 0.024185655755168345                              24.18565575516834                                 1.000000000000001
2                                                 0.029567235620350157                              29.567235620350154                                0.9999999999999992
2                                                 0.029567239075462493                              29.56723907546249                                 1.0000000000000004
2                                                 0.0363891123194003                                36.38911231940029                                 0.9999999999999984
2                                                 0.036389112906308044                              36.38911290630804                                 1
2                                                 0.04334968080971989                               43.34968080971988                                 0.9999999999999993
2                                                 0.04458660687327527                               44.586606873275265                                0.9999999999999996
2                                                 0.044586608354962434                              44.586608354962436                                0.9999999999999987
2                                                 0.0540898796617054                                54.08987966170539                                 1.0000000000000004
2                                                 0.054089880769209314                              54.08988076920931                                 1.0000000000000009
2                                                 0.0549407083990193                                54.94070839901929                                 1.0000000000000024
2                                                 0.055008754675715796                              55.008754675715785                                0.9999999999999993
2                                                 0.06482881493346193                               64.82881493346193                                 1.0000000000000022
2                                                 0.06482881539532584                               64.82881539532583                                 0.9999999999999989
2                                                 0.0683719665971223                                68.3719665971223                                  0.9999999999999996
2                                                 0.06920423202555065                               69.20423202555065                                 0.9999999999999997
2                                                 0.06920425696150763                               69.20425696150762                                 0.9999999999999998
2                                                 0.07169093359893672                               71.69093359893671                                 1.0000000000000016
2                                                 0.07169133824872391                               71.69133824872391                                 1.0000000000000004
2                                                 0.0758516475917145                                75.8516475917145                                  0.9999999999999996
2                                                 0.07585165604810928                               75.85165604810928                                 0.9999999999999993
2                                                 0.07673759550654966                               76.73759550654964                                 0.9999999999999983
2                                                 0.0767375968633302                                76.7375968633302                                  1.000000000000001
2                                                 0.08167715908828105                               81.67715908828103                                 1.0000000000000016
2                                                 0.08167717207257592                               81.67717207257591                                 1.0000000000000009
2                                                 0.08355056595489141                               83.5505659548914                                  1.000000000000003
2                                                 0.08551594313585459                               85.51594313585457                                 1
2                                                 0.08917087875865347                               89.17087875865346                                 0.9999999999999997
2                                                 0.0891708846681273                                89.17088466812729                                 1.0000000000000009
2                                                 0.0897581855471035                                89.7581855471035                                  1
2                                                 0.08975818773825878                               89.75818773825877                                 0.9999999999999993
2                                                 0.09833029270777836                               98.33029270777836                                 0.9999999999999999
2                                                 0.09833029906225743                               98.33029906225742                                 1.0000000000000007
2                                                 0.10384222092010571                               103.8422209201057                                 0.9999999999999998
2                                                 0.10384222698008809                               103.84222698008807                                0.9999999999999999
2                                                 0.10914549813697232                               109.1454981369723                                 1.000000000000001
2                                                 0.10914550386670788                               109.14550386670787                                0.9999999999999993
2                                                 0.1189512933528725                                118.95129335287248                                0.9999999999999998
2                                                 0.11895129396515518                               118.95129396515516                                0.9999999999999993
2                                                 0.12159586601849748                               121.59586601849747                                1.0000000000000022
2                                                 0.12159587433259984                               121.59587433259983                                0.9999999999999969
2                                                 0.12613437633042393                               126.13437633042392                                1.0000000000000029
2                                                 0.12614015371874884                               126.14015371874883                                1.0000000000000009
2                                                 0.13505595757617705                               135.05595757617704                                1.0000000000000009
2.2                                               0.017164185673927856                              17.164185673927854                                0.9999999999999989
2.2                                               0.017950206986573083                              17.950206986573082                                0.9999999999999998
2.2                                               0.017950210627589627                              17.950210627589623                                0.9999999999999999
2.2                                               0.020299384567327855                              20.299384567327852                                0.999999999999998
2.2                                               0.0202993851751692                                20.2993851751692                                  1.000000000000002
2.2                                               0.024185653614626962                              24.185653614626958                                1.000000000000001
2.2                                               0.024185655755454075                              24.18565575545407                                 1.0000000000000007
2.2                                               0.029567235620380397                              29.567235620380394                                0.9999999999999993
2.2                                               0.029567239075511495                              29.56723907551149                                 0.9999999999999986
2.2                                               0.036389112319405906                              36.389112319405896                                1.000000000000002
2.2                                               0.036389112906314164                              36.38911290631416                                 1.000000000000002
2.2                                               0.043395667381226175                              43.39566738122617                                 1.0000000000000018
2.2                                               0.04458660687327103                               44.58660687327103                                 0.9999999999999993
2.2                                               0.044586608354953934                              44.586608354953924                                1.0000000000000022
2.2                                               0.0540898796616927                                54.08987966169269                                 0.9999999999999983
2.2                                               0.054089880769194104                              54.0898807691941                                  0.9999999999999983
2.2                                               0.05498749746162024                               54.98749746162023                                 0.9999999999999981
2.2                                               0.05503362377510934                               55.033623775109334                                0.9999999999999982
2.2                                               0.06482881493344358                               64.82881493344358                                 1.0000000000000016
2.2                                               0.06482881539531155                               64.82881539531154                                 1.0000000000000004
2.2                                               0.06837197223235766                               68.37197223235766                                 1
2.2                                               0.0692042523184771                                69.20425231847709                                 1
2.2                                               0.06920425752210889                               69.20425752210889                                 0.9999999999999993
2.2                                               0.07169093417473701                               71.69093417473701                                 1.000000000000001
2.2                                               0.0716913446963908                                71.69134469639079                                 0.9999999999999984
2.2                                               0.07585164766569007                               75.85164766569007                                 1.0000000000000004
2.2                                               0.0758516561007965                                75.85165610079649                                 0.9999999999999987
2.2                                               0.07673759550653506                               76.73759550653504                                 1.0000000000000004
2.2                                               0.07673759686331655                               76.73759686331654                                 0.9999999999999997
2.2                                               0.08167715908956183                               81.67715908956183                                 0.9999999999999997
2.2                                               0.08167717207784211                               81.6771720778421                                  0.9999999999999996
2.2                                               0.08355290590704345                               83.55290590704344                                 0.9999999999999971
2.2                                               0.08555178698506805                               85.55178698506803                                 1.0000000000000009
2.2                                               0.08917087875910501                               89.17087875910501                                 0.9999999999999972
2.2                                               0.08917088466857573                               89.17088466857571                                 0.9999999999999986
2.2                                               0.08975818554709417                               89.75818554709416                                 1.0000000000000004
2.2                                               0.08975818773824808                               89.75818773824805                                 1
2.2                                               0.09833029270791685                               98.33029270791684                                 1.0000000000000004
2.2                                               0.09833029906237552                               98.33029906237552                                 0.9999999999999993
2.2                                               0.10384222092009983                               103.8422209200998                                 0.9999999999999991
2.2                                               0.1038422269800822                                103.8422269800822                                 0.9999999999999994
2.2                                               0.10914549813695425                               109.14549813695423                                1.0000000000000002
2.2                                               0.10914550386661011                               109.1455038666101                                 0.9999999999999999
2.2                                               0.11895129335286958                               118.95129335286957                                0.9999999999999963
2.2                                               0.11895129396505527                               118.95129396505526                                0.9999999999999986
2.2                                               0.12159586601831218                               121.59586601831217                                1.0000000000000004
2.2                                               0.12159587433237568                               121.59587433237567                                1.0000000000000022
2.2                                               0.1261426026146246                                126.14260261462458                                1.0000000000000022
2.2                                               0.1261469701780576                                126.14697017805757                                0.9999999999999988
2.2                                               0.13505596684114973                               135.05596684114974                                1.0000000000000002
2.4000000000000004                                0.017164185777695767                              17.164185777695767                                1.0000000000000007
2.4000000000000004                                0.01795020698462224                               17.950206984622238                                1.0000000000000007
2.4000000000000004                                0.01795021069090448                               17.950210690904477                                0.9999999999999993
2.4000000000000004                                0.020299384573695275                              20.299384573695274                                1.0000000000000013
2.4000000000000004                                0.02029938517469025                               20.299385174690247                                0.9999999999999983
2.4000000000000004                                0.024185653614792746                              24.18565361479274                                 1.0000000000000027
2.4000000000000004                                0.024185655755747423                              24.18565575574742                                 0.9999999999999969
2.4000000000000004                                0.029567235620405696                              29.567235620405693                                1.0000000000000007
2.4000000000000004                                0.029567239075533963                              29.56723907553396                                 0.9999999999999992
2.4000000000000004                                0.036389112319411304                              36.389112319411296                                1.000000000000001
2.4000000000000004                                0.036389112906314774                              36.38911290631477                                 1
2.4000000000000004                                0.04344329855041498                               43.44329855041498                                 1.0000000000000022
2.4000000000000004                                0.044586606873273184                              44.58660687327318                                 0.9999999999999974
2.4000000000000004                                0.04458660835495275                               44.586608354952745                                1.0000000000000004
2.4000000000000004                                0.05408987966169464                               54.089879661694624                                1.0000000000000018
2.4000000000000004                                0.054089880769195                                 54.089880769195                                   0.9999999999999991
2.4000000000000004                                0.055006520581283316                              55.00652058128331                                 1.0000000000000024
2.4000000000000004                                0.055079874114068235                              55.07987411406823                                 1.0000000000000004
2.4000000000000004                                0.06482881493344397                               64.82881493344397                                 1.0000000000000004
2.4000000000000004                                0.06482881539531621                               64.8288153953162                                  0.9999999999999992
2.4000000000000004                                0.06837197850232166                               68.37197850232164                                 1.0000000000000004
2.4000000000000004                                0.06920425205154367                               69.20425205154366                                 0.9999999999999999
2.4000000000000004                                0.06920427790443887                               69.20427790443885                                 0.9999999999999984
2.4000000000000004                                0.071690939799561                                 71.69093979956098                                 0.9999999999999967
2.4000000000000004                                0.0716913455153383                                71.6913455153383                                  0.9999999999999991
2.4000000000000004                                0.07585164768536197                               75.85164768536197                                 1.0000000000000009
2.4000000000000004                                0.075851656132326                                 75.851656132326                                   1
2.4000000000000004                                0.07673759550653807                               76.73759550653806                                 1.0000000000000009
2.4000000000000004                                0.07673759686331905                               76.73759686331904                                 1.0000000000000004
2.4000000000000004                                0.08167715909230414                               81.67715909230412                                 0.9999999999999993
2.4000000000000004                                0.08167717207749955                               81.67717207749955                                 0.999999999999999
2.4000000000000004                                0.08357694054200904                               83.57694054200903                                 0.9999999999999981
2.4000000000000004                                0.08555642882291367                               85.55642882291366                                 1.0000000000000004
2.4000000000000004                                0.08917087875934371                               89.1708787593437                                  0.9999999999999988
2.4000000000000004                                0.08917088466868116                               89.17088466868115                                 1.0000000000000004
2.4000000000000004                                0.08975818554709492                               89.75818554709491                                 0.9999999999999999
2.4000000000000004                                0.08975818773825164                               89.75818773825162                                 1.0000000000000013
2.4000000000000004                                0.09833029270803409                               98.33029270803408                                 1.0000000000000013
2.4000000000000004                                0.09833029906224797                               98.33029906224796                                 1.0000000000000004
2.4000000000000004                                0.10384222092010124                               103.84222092010124                                1.0000000000000018
2.4000000000000004                                0.10384222698008366                               103.84222698008364                                0.9999999999999994
2.4000000000000004                                0.10914549813693308                               109.14549813693307                                1.0000000000000002
2.4000000000000004                                0.10914550386658328                               109.14550386658327                                1
2.4000000000000004                                0.11895129335287084                               118.95129335287082                                0.9999999999999999
2.4000000000000004                                0.11895129396505627                               118.95129396505625                                1.0000000000000013
2.4000000000000004                                0.1215958660182655                                121.5958660182655                                 1.000000000000002
2.4000000000000004                                0.12159587433244207                               121.59587433244207                                0.9999999999999988
2.4000000000000004                                0.12614531090271863                               126.14531090271862                                1.000000000000001
2.4000000000000004                                0.12615399301849373                               126.15399301849371                                1
2.4000000000000004                                0.1350559587294016                                135.0559587294016                                 1.0000000000000004
2.6                                               0.01716418584881514                               17.16418584881514                                 1.0000000000000004
2.6                                               0.017950206991963646                              17.950206991963643                                0.9999999999999982
2.6                                               0.017950210741225214                              17.950210741225213                                0.9999999999999996
2.6                                               0.020299384580006935                              20.299384580006933                                0.9999999999999993
2.6                                               0.020299385177341908                              20.299385177341907                                1.000000000000001
2.6                                               0.02418565361518457                               24.18565361518457                                 0.9999999999999997
2.6                                               0.024185655756360447                              24.185655756360443                                1.0000000000000024
2.6                                               0.029567235620397467                              29.567235620397465                                0.9999999999999979
2.6                                               0.02956723907563176                               29.567239075631754                                1.0000000000000013
2.6                                               0.036389112319414454                              36.38911231941445                                 0.999999999999999
2.6                                               0.03638911290632017                               36.38911290632017                                 0.9999999999999999
2.6                                               0.04346953645774825                               43.46953645774824                                 0.9999999999999991
2.6                                               0.04458660687327018                               44.58660687327018                                 1.0000000000000016
2.6                                               0.044586608354942124                              44.58660835494212                                 0.9999999999999986
2.6                                               0.05408987966168046                               54.089879661680456                                1.0000000000000018
2.6                                               0.05408988076918205                               54.089880769182045                                0.9999999999999992
2.6                                               0.0549876712343606                                54.98767123436059                                 0.9999999999999988
2.6                                               0.05514649054259949                               55.14649054259949                                 0.9999999999999956
2.6                                               0.06482881493342746                               64.82881493342745                                 1.000000000000001
2.6                                               0.06482881539530208                               64.82881539530207                                 0.9999999999999998
2.6                                               0.06837198110337048                               68.37198110337047                                 1.0000000000000002
2.6                                               0.06920424683248425                               69.20424683248424                                 0.9999999999999984
2.6                                               0.06920429654402044                               69.20429654402042                                 0.9999999999999998
2.6                                               0.07169093732912285                               71.69093732912285                                 1.0000000000000002
2.6                                               0.07169135356802654                               71.69135356802653                                 1
2.6                                               0.07585164777358967                               75.85164777358968                                 1.0000000000000016
2.6                                               0.07585165620513262                               75.85165620513261                                 1
2.6                                               0.076737595506526                                 76.73759550652599                                 1
2.6                                               0.07673759686330428                               76.73759686330428                                 1.0000000000000007
2.6                                               0.08167715909150747                               81.67715909150746                                 0.9999999999999997
2.6                                               0.08167717208665463                               81.67717208665462                                 1.0000000000000018
2.6                                               0.08356633457918436                               83.56633457918436                                 1.0000000000000033
2.6                                               0.0856006949559924                                85.60069495599238                                 0.9999999999999983
2.6                                               0.08917087875932046                               89.17087875932046                                 0.9999999999999999
2.6                                               0.0891708846695814                                89.1708846695814                                  0.9999999999999998
2.6                                               0.08975818554708702                               89.75818554708702                                 1.0000000000000009
2.6                                               0.08975818773824042                               89.75818773824041                                 0.999999999999999
2.6                                               0.0983302927081154                                98.33029270811538                                 0.9999999999999979
2.6                                               0.09833029906237689                               98.33029906237688                                 0.9999999999999997
2.6                                               0.10384222092009569                               103.84222092009568                                1.0000000000000007
2.6                                               0.10384222698007764                               103.84222698007764                                1.0000000000000002
2.6                                               0.10914549813684724                               109.14549813684722                                1.0000000000000013
2.6                                               0.1091455038665439                                109.14550386654389                                0.9999999999999992
2.6                                               0.11895129335286744                               118.95129335286742                                1.0000000000000004
2.6                                               0.11895129396505268                               118.95129396505267                                0.9999999999999992
2.6                                               0.12159586601796665                               121.59586601796664                                1.0000000000000018
2.6                                               0.12159587433236456                               121.59587433236455                                0.999999999999999
2.6                                               0.12613713326248538                               126.13713326248536                                1.0000000000000022
2.6                                               0.12617872424445253                               126.17872424445252                                1.0000000000000009
2.6                                               0.1350559575754758                                135.0559575754758                                 1.0000000000000007
2.8                                               0.017164186030052278                              17.164186030052278                                0.9999999999999986
2.8                                               0.017950207087047587                              17.950207087047584                                0.9999999999999977
2.8                                               0.0179502107687258                                17.9502107687258                                  1.0000000000000002
2.8                                               0.02029938459014588                               20.299384590145877                                1
2.8                                               0.02029938518182793                               20.299385181827926                                1.0000000000000016
2.8                                               0.0241856536158251                                24.1856536158251                                  0.9999999999999991
2.8                                               0.024185655757008553                              24.185655757008554                                0.999999999999999
2.8                                               0.02956723562042614                               29.567235620426136                                1
2.8                                               0.02956723907569997                               29.56723907569997                                 1.0000000000000007
2.8                                               0.03638911231942467                               36.38911231942466                                 1.0000000000000009
2.8                                               0.036389112906324                                 36.389112906324                                   1.0000000000000018
2.8                                               0.0435468334103747                                43.5468334103747                                  0.9999999999999964
2.8                                               0.044586606873269326                              44.58660687326932                                 0.9999999999999998
2.8                                               0.04458660835494873                               44.58660835494872                                 0.9999999999999996
2.8                                               0.0540898796616805                                54.08987966168049                                 1.0000000000000002
2.8                                               0.054089880769185736                              54.089880769185726                                0.9999999999999999
2.8                                               0.05510437599655415                               55.10437599655414                                 0.9999999999999998
2.8                                               0.055147843702575125                              55.147843702575116                                0.9999999999999984
2.8                                               0.06482881493342896                               64.82881493342896                                 0.9999999999999994
2.8                                               0.06482881539530305                               64.82881539530304                                 0.9999999999999998
2.8                                               0.06837199064956892                               68.37199064956891                                 1.0000000000000004
2.8                                               0.0692042822352754                                69.2042822352754                                  1.0000000000000009
2.8                                               0.06920429598864208                               69.20429598864207                                 1.0000000000000002
2.8                                               0.07169093851639247                               71.69093851639246                                 0.9999999999999993
2.8                                               0.07169136368477694                               71.69136368477693                                 0.9999999999999992
2.8                                               0.07585164786167034                               75.85164786167033                                 1.0000000000000009
2.8                                               0.07585165631913632                               75.85165631913631                                 0.9999999999999999
2.8                                               0.07673759550652458                               76.73759550652457                                 1
2.8                                               0.0767375968633073                                76.7375968633073                                  1.0000000000000004
2.8                                               0.08167715909345852                               81.67715909345851                                 1.0000000000000013
2.8                                               0.08167717209421056                               81.67717209421055                                 0.9999999999999991
2.8                                               0.08357129996747331                               83.5712999674733                                  0.9999999999999944
2.8                                               0.08565786301967461                               85.65786301967461                                 1.000000000000003
2.8                                               0.08917087875973372                               89.17087875973371                                 1.0000000000000013
2.8                                               0.089170884669866                                 89.17088466986598                                 0.9999999999999984
2.8                                               0.0897581855470859                                89.75818554708589                                 1.0000000000000002
2.8                                               0.08975818773824257                               89.75818773824255                                 0.9999999999999997
2.8                                               0.09833029270813877                               98.33029270813877                                 0.9999999999999996
2.8                                               0.09833029906252597                               98.33029906252597                                 1.0000000000000004
2.8                                               0.10384222092009611                               103.8422209200961                                 1.0000000000000024
2.8                                               0.10384222698007758                               103.84222698007758                                0.9999999999999988
2.8                                               0.10914549813685337                               109.14549813685336                                0.9999999999999996
2.8                                               0.10914550386663484                               109.14550386663483                                1.0000000000000004
2.8                                               0.11895129335286773                               118.95129335286772                                0.9999999999999996
2.8                                               0.11895129396505283                               118.95129396505281                                0.9999999999999979
2.8                                               0.12159586601802155                               121.59586601802155                                0.9999999999999988
2.8                                               0.12159587433237132                               121.59587433237131                                0.9999999999999976
2.8                                               0.1261561316568432                                126.15613165684319                                1
2.8                                               0.12618379603822377                               126.18379603822376                                1.0000000000000002
2.8                                               0.1350559594075358                                135.0559594075358                                 0.9999999999999994
3                                                 0.017164185844052604                              17.164185844052604                                1
3                                                 0.017950207022789044                              17.95020702278904                                 1.0000000000000009
3                                                 0.017950210711529524                              17.95021071152952                                 0.9999999999999986
3                                                 0.02029938457930751                               20.299384579307507                                0.9999999999999974
3                                                 0.020299385178391693                              20.29938517839169                                 0.9999999999999996
3                                                 0.024185653615309596                              24.185653615309594                                0.9999999999999986
3                                                 0.024185655756153973                              24.18565575615397                                 1.0000000000000002
3                                                 0.029567235620418048                              29.567235620418046                                0.9999999999999994
3                                                 0.02956723907557829                               29.567239075578286                                1.0000000000000009
3                                                 0.036389112319417674                              36.38911231941767                                 1.0000000000000009
3                                                 0.036389112906319424                              36.38911290631942                                 0.9999999999999998
3                                                 0.0434658007780752                                43.46580077807519                                 1.0000000000000049
3                                                 0.04458660687326718                               44.58660687326718                                 1
3                                                 0.04458660835495284                               44.58660835495284                                 0.9999999999999989
3                                                 0.05408987966168555                               54.08987966168554                                 0.9999999999999991
3                                                 0.05408988076918281                               54.089880769182805                                1.0000000000000007
3                                                 0.05506178896297037                               55.06178896297037                                 1.0000000000000058
3                                                 0.05507060125998694                               55.07060125998694                                 0.9999999999999986
3                                                 0.0648288149334272                                64.82881493342718                                 0.9999999999999996
3                                                 0.06482881539530505                               64.82881539530504                                 0.9999999999999993
3                                                 0.0683719804319429                                68.37198043194289                                 1.0000000000000002
3                                                 0.06920426507522931                               69.2042650752293                                  0.9999999999999993
3                                                 0.06920427711265116                               69.20427711265116                                 1
3                                                 0.07169093295267571                               71.69093295267571                                 0.9999999999999981
3                                                 0.07169135689085915                               71.69135689085914                                 0.9999999999999994
3                                                 0.07585164778347223                               75.85164778347222                                 0.9999999999999999
3                                                 0.0758516562108858                                75.85165621088579                                 1.0000000000000007
3                                                 0.07673759550652444                               76.73759550652443                                 1.000000000000001
3                                                 0.07673759686330667                               76.73759686330666                                 0.9999999999999991
3                                                 0.0816771590924353                                81.67715909243528                                 0.9999999999999993
3                                                 0.0816771720855809                                81.67717208558088                                 1.0000000000000016
3                                                 0.08354757436337726                               83.54757436337725                                 0.9999999999999964
3                                                 0.08562004768489284                               85.62004768489282                                 0.9999999999999981
3                                                 0.08917087875975307                               89.17087875975307                                 0.9999999999999998
3                                                 0.08917088466910839                               89.17088466910837                                 0.9999999999999997
3                                                 0.08975818554708664                               89.75818554708664                                 1.0000000000000004
3                                                 0.08975818773824087                               89.75818773824086                                 0.9999999999999983
3                                                 0.09833029270812205                               98.33029270812203                                 1
3                                                 0.09833029906256847                               98.33029906256847                                 1.0000000000000004
3                                                 0.1038422209200955                                103.84222092009549                                0.9999999999999998
3                                                 0.10384222698007742                               103.84222698007741                                0.9999999999999987
3                                                 0.1091454981369665                                109.1454981369665                                 1.0000000000000024
3                                                 0.10914550386661316                               109.14550386661315                                0.9999999999999982
3                                                 0.11895129335286779                               118.95129335286778                                0.9999999999999998
3                                                 0.11895129396505243                               118.95129396505241                                1.0000000000000002
3                                                 0.12159586601810377                               121.59586601810376                                1
3                                                 0.12159587433239111                               121.59587433239109                                1
3                                                 0.12615686691270955                               126.15686691270955                                0.9999999999999978
3                                                 0.12615796567437149                               126.15796567437147                                1.000000000000005
3                                                 0.13505596108833706                               135.05596108833706                                0.9999999999999997
