x_0(nm)	Estado_1(eV)	Estado_2(eV)	Estado_3(eV)	Estado_4(eV)	Estado_5(eV)	Estado_6(eV)	Estado_7(eV)	Estado_8(eV)	Estado_9(eV)	Estado_10(eV)	Estado_11(eV)	Estado_12(eV)	Estado_13(eV)	Estado_14(eV)	Estado_15(eV)	Estado_16(eV)	Estado_17(eV)	Estado_18(eV)	Estado_19(eV)	Estado_20(eV)
20.2	38.66763019	53.68505467	58.37463328	83.89533274	85.68088461	126.1088244	126.2501823	160.560198	160.8096376	161.5579565	162.8051548	163.9380963	164.5512326	166.7961903	169.5400285	172.7827481	176.2812868	176.4748091	176.5243506	180.7648381
20.4	38.66755481	53.68496596	58.37457188	83.89509593	85.68062984	126.1078767	126.2492154	160.560198	160.8096376	161.5579565	162.8051548	163.9232359	164.5512326	166.7961903	169.5400285	172.7827481	176.276749	176.4699652	176.5243506	180.7648381
20.6	38.66745167	53.68483145	58.37447766	83.89482459	85.68030357	126.1067894	126.2481469	160.560198	160.8096376	161.5579565	162.8051548	163.9053865	164.5512326	166.7961903	169.5400285	172.7827481	176.2714562	176.4642976	176.5243506	180.7648381
20.8	38.66729487	53.68466308	58.37430931	83.89447601	85.67989352	126.1055451	126.246891	160.560198	160.8096376	161.5579565	162.8051548	163.882861	164.5512326	166.7961903	169.5400285	172.7827481	176.2650558	176.4573896	176.5243506	180.7648381
21	38.66720487	53.68455584	58.37422505	83.8942102	85.67958882	126.1043463	126.2456893	160.560198	160.8096376	161.5579565	162.8051548	163.8525902	164.5512326	166.7961903	169.5400285	172.7827481	176.2573116	176.4489843	176.5243506	180.7648381
21.2	38.66711744	53.68445139	58.37414315	83.89394026	85.67927775	126.1030258	126.2443625	160.560198	160.8096376	161.5579565	162.8051548	163.8080243	164.5512326	166.7961903	169.5400285	172.7827481	176.2469861	176.4376737	176.5243506	180.7648381
21.4	38.66703167	53.68434862	58.37406265	83.89366197	85.67895515	126.1015301	126.2428542	160.560198	160.8096376	161.5579565	162.8051548	163.7326245	164.5512326	166.7961903	169.5400285	172.7827481	176.2316147	176.4205816	176.5243506	180.7648381
21.6	38.66694674	53.68424653	58.37398266	83.89337061	85.67861505	126.0997791	126.2410795	160.560198	160.8096376	161.5579565	162.8051548	163.5681984	164.5512326	166.7961903	169.5400285	172.7827481	176.2026807	176.3828586	176.5243506	179.0458637
21.8	38.66686184	53.6841441	58.37390223	83.89306031	85.67824989	126.097644	126.2388977	160.560198	160.8096376	161.5579565	162.8051548	162.8963518	164.5512326	166.7961903	169.4068369	169.5400286	172.7827481	175.8603058	176.331444	176.5243506
22	38.66677615	53.68404029	58.37382034	83.89272363	85.67784979	126.0948974	126.2360515	157.3281093	160.560198	160.8096376	161.5579565	162.8051548	164.5512325	164.6903682	166.6122807	166.7961903	169.5400285	172.7827481	174.8235732	176.1025612
22.2	38.66668881	53.68393397	58.37373587	83.89235062	85.67740106	126.0910867	126.231988	147.9011798	156.778379	160.560198	160.8096376	161.5579565	162.8051548	163.5617796	164.5512326	165.946705	166.7961903	169.5400285	172.7656641	172.7827485
22.4	38.66659889	53.6838239	58.37364745	83.89192726	85.6768836	126.0851199	126.2250887	138.5031465	147.2839098	155.5614123	160.560198	160.8096376	161.5579565	162.8051548	163.5210135	164.2402043	164.5512326	166.7961903	169.5400285	171.059886
22.6	38.66650534	53.68370864	58.37355336	83.89143282	85.67626599	126.0732612	126.202322	129.5028262	138.2288104	146.5459891	154.4774603	160.560198	160.8096376	161.5579565	161.7870152	162.8051548	164.3985414	164.5512326	166.7961903	169.0216187
22.8	38.66640693	53.68358644	58.37345135	83.89083494	85.67549514	120.9122681	126.0216472	126.2196621	129.6851658	137.96841	145.8806361	153.3602378	160.4664041	160.560198	160.8096376	161.5579565	162.8051548	164.1195646	164.5512326	166.7961903
23	38.66630219	53.68345517	58.37333836	83.89007942	85.67447115	112.8429953	121.4662323	126.1250182	126.1327997	129.9308392	137.7679908	145.2533525	152.3508889	158.9056306	160.560198	160.8096376	161.5579565	162.8051548	164.1422964	164.5512326
23.2	38.66618928	53.68331206	58.37320993	83.88906718	85.67297368	105.246488	113.8763315	122.0830136	126.041899	126.3404104	130.1725967	137.6113018	144.7063721	151.2870998	157.3840304	160.560198	160.8096376	161.5579565	161.9653047	162.8051548
23.4	38.66606588	53.68315345	58.37305931	83.88759421	85.67037041	98.11546054	106.7299281	114.9774043	122.8241125	126.2011769	126.2698433	130.4343056	137.5263955	144.1186438	150.2181371	154.9292343	160.560198	160.8096376	161.2864869	161.5579565
23.6	38.66592892	53.68297431	58.37287557	83.88515901	85.66348887	91.43374485	100.0270473	108.2691422	116.1543901	123.6824355	126.1248896	126.2653809	130.7972564	137.3943642	143.4962123	148.2991344	154.5493793	155.6395315	160.560198	160.8096376
23.8	38.66577428	53.6827675	58.37263961	83.88010091	85.05780546	85.77403194	93.75036909	101.9786933	109.8587536	117.3769959	124.4284943	126.1638112	126.2348235	131.1047251	137.1988314	142.0835475	148.2371166	149.4184433	160.0864307	160.1238431
24	38.66559615	53.68252232	58.37231449	79.28393081	83.86160289	85.6793971	87.88538108	96.08587521	103.9550319	111.4643169	118.5445123	125.0517823	126.1208148	126.3729322	131.3016598	136.259544	142.3255022	143.6008195	154.0570106	154.1002789
24.2	38.6653862	53.682222	58.37181788	73.79638124	82.26944259	83.96748378	85.66627185	90.57114788	98.42286005	105.9246071	113.0063676	119.6107507	125.6885471	126.1955622	126.2725793	130.8035221	136.7909214	138.1632299	148.4055093	148.4551934
24.4	38.66513172	53.68183822	58.37091954	68.65374153	77.1645931	83.90986743	85.21970637	85.83969546	93.23741347	100.7324291	107.8131748	114.4309718	120.5805677	125.6823359	126.110517	126.2632187	131.6106692	133.0813131	143.1064119	143.1632314
24.6	38.6648125	53.68131903	58.36863551	63.83534933	72.33402244	80.51441598	83.90184005	85.69085927	88.37562023	95.86479939	102.9432486	109.5688528	115.7261459	120.892603	126.0012857	126.2280757	126.8520063	128.348257	138.1372769	138.2022191
24.8	38.66439409	53.6805564	58.34644666	59.33723964	67.79991697	75.97013126	83.81361845	83.89922862	85.68010651	91.30003764	98.37386386	105.0054057	111.1701931	116.3939117	122.1523055	123.8329675	126.137957	126.2874904	133.4751656	133.5493275
25	38.6638122	53.67927895	55.06055759	58.3810508	63.54329282	71.69987388	79.53178548	83.89595555	85.65354703	87.03400396	94.08281418	100.7191247	106.8915359	112.1689211	117.884956	119.6835039	126.1203364	126.2616537	129.0997669	129.1848374
25.2	38.66293138	51.08066651	53.67654297	58.37669751	59.54528761	67.68623014	75.50677926	82.95537003	83.89348252	85.69839906	90.0497294	96.68954662	102.8696535	108.1971831	113.8687998	115.7810626	124.9589669	125.052958	126.1391772	126.2823417
25.4	38.66140747	47.33705344	53.66509727	55.79456278	58.37537808	63.91113452	71.72078491	79.17123033	83.8878151	85.68813286	86.25883316	92.89829338	99.08605938	104.46029	110.0912518	112.1188799	121.0997584	121.2077525	126.1227165	126.2646458
25.6	38.6580299	43.81597521	52.21120033	53.7075745	58.37456737	60.3575101	68.15643322	75.60199298	82.66326792	83.90820629	85.68438747	89.32836532	95.52346689	100.9410647	106.5358424	108.6805515	117.4556851	117.5784116	126.1186599	126.2603002
25.8	38.64337162	40.51043939	48.89260042	53.68971161	57.00772611	58.37469531	64.79684609	72.23610846	79.30392502	83.8965012	85.6684129	85.9759832	92.16499132	97.62264862	103.1857003	105.4489469	114.0200108	114.1590774	126.115232	126.2564877
26	37.32560259	38.69719698	45.74894967	53.68599635	53.84810347	58.37409878	61.62686733	69.05906372	76.12484548	82.78099229	83.89273522	85.68414047	88.99584425	94.4898515	100.0253384	102.4084109	110.7777841	110.935124	123.6782374	123.6806485
26.2	34.39195796	38.67562004	42.77948291	50.86435017	53.68342534	58.37369857	58.63363061	66.05793235	73.12074533	79.77939093	83.88533166	85.68223998	86.00665221	91.52988216	97.04182664	99.54536973	107.7164161	107.894096	120.4739896	120.4768203
26.4	31.60370517	38.67155966	39.97254066	48.04376858	53.67833843	55.80660731	58.37320407	63.21988723	70.27924956	76.93975572	83.13314596	83.92477952	85.68072695	88.72997032	94.22189169	96.8462916	104.8225388	105.0228652	117.4386339	117.4419634
26.6	28.96403075	37.3162386	38.66964059	45.37419724	53.09182199	53.71217007	58.3720524	60.53327894	67.58825612	74.25027307	80.47300143	83.90086182	85.67437086	86.08269383	91.55317622	94.29847204	102.0836862	102.3091907	114.5597644	114.5636848
26.8	26.46398362	34.80025113	38.66814795	42.84539511	50.57359434	53.68998649	57.97479816	58.38306103	65.03738002	71.70057457	77.93217944	83.56017928	83.89689729	85.68052476	89.02534179	91.89106434	99.48935293	99.74276546	111.8270077	111.8315909
27	24.09398712	32.41463939	38.66552	40.44853603	48.16633083	53.68734332	55.56596493	58.37477169	62.61671166	69.28075936	75.51925053	81.17320736	83.8934767	85.67816296	86.62919048	89.6139996	97.02949871	97.31379293	109.2304058	109.2357819
27.2	21.84502879	30.15027144	38.15518983	38.68086172	45.87896737	53.27079958	53.68605162	58.37395356	60.31710764	66.9816638	73.22620654	78.90434882	83.87260046	84.37215026	85.67339624	87.45978864	94.69475359	95.01314498	106.7606098	106.7669169
27.4	19.70880433	27.99877506	36.00041502	38.67064561	43.70408301	51.08802162	53.6849874	58.13030243	58.37345518	64.79492564	71.04494336	76.7456733	82.17692077	83.90275142	85.36306686	85.72231059	92.47660908	92.83252784	104.4091731	104.4165566
27.6	17.67757181	25.95236507	33.94188594	38.6693485	41.63408399	49.0100684	53.6833901	56.04895304	58.37290998	62.71276153	68.96767673	74.68945517	80.12074661	83.45459096	83.89851763	85.68566152	90.36697351	90.76412391	102.1679638	102.1765679
27.8	15.74426921	24.00397326	31.98077188	38.66872234	39.66200799	47.02998127	53.67056528	54.07665905	58.37188535	60.72857541	66.98747656	72.72888167	78.15949323	81.60809928	83.89688489	85.68206296	88.35883123	88.80131043	100.0301007	100.0401508
28	13.90238371	22.14707489	30.11098228	37.78134406	38.66829479	45.14124016	52.16423008	53.68910544	58.36426114	58.84188936	65.09781267	70.85748437	76.2885337	79.84812926	83.89561651	85.67872251	86.44560826	86.93873841	97.98891837	98.00064886
28.2	12.14585234	20.37559551	28.32653596	35.98601802	38.66793252	43.33777904	50.35778057	53.68677475	57.019994	58.37664245	63.29259042	69.06926282	74.50200514	78.16942312	83.89267877	84.62270107	85.15544827	85.68927114	96.03820834	96.05186989
28.4	10.46910019	18.68394072	26.62187408	34.27043068	38.66753187	41.61403429	48.62928848	53.68594829	55.29160614	58.37466746	61.56619142	67.35867675	72.79426383	76.56623267	82.87460119	83.4767241	83.89764536	85.68249104	94.17218921	94.18811648
28.6	8.866982229	17.06697089	24.99186504	32.62944262	38.66671973	39.96522335	46.97478379	53.63593588	53.68543644	58.37398298	59.91348683	65.72067919	71.16013532	75.0331508	81.21070432	81.87458604	83.89575824	85.68110872	92.38567731	92.40421082
28.8	7.334777944	15.51995663	23.43179328	31.05833596	38.37934987	38.67276844	45.38975958	52.04933214	53.68501528	58.32981571	58.37351738	64.15067763	69.59487758	73.56520795	79.61818518	80.3491358	83.89499103	85.68024381	90.67399788	90.69554304
29	5.868080071	14.03848704	21.93724238	29.55268874	36.86928484	38.66836699	43.86983737	50.52752038	53.68456	56.81079072	58.37305693	62.64433036	68.09396661	72.15769347	78.09331481	78.89615783	83.89440765	85.6795109	89.03258345	89.05761025
29.2	4.462786813	12.61844996	20.50408997	28.10836199	35.41651014	38.66787652	42.41087881	49.06638497	53.68378443	55.35249726	58.37241709	61.19765477	66.65315667	70.80621927	76.63183345	77.51141889	83.89386693	85.67876093	87.45711022	87.48619555
29.4	3.115185479	11.25613557	19.12864357	26.72167675	34.02103469	38.66762294	41.00925365	47.66232129	53.67727641	53.95672184	58.37095399	59.80772368	65.26878832	69.50697943	75.23003626	76.19117599	83.89329824	85.6772942	85.94406305	85.97845598
29.6	1.821752779	9.948018628	17.80736224	25.38908011	32.67945598	38.66743922	39.66139147	46.31175279	52.59832127	53.68657841	58.34281263	58.49683103	63.93720293	68.2562471	73.88413583	74.93160478	83.89248257	84.4898869	84.52822507	85.6775387
29.8	0.5791944758	8.690791195	16.53694038	24.10726308	31.38849706	38.36397614	38.66728492	45.01137126	51.30026623	53.68539892	57.17327021	58.37641612	62.65502368	67.05061481	72.59063091	73.72911377	83.09009861	83.13527753	83.89244557	85.67625272
30	-0.6153689854	7.481580437	15.31450001	22.8733461	30.14529707	37.11414466	38.66714319	43.7583183	50.04847296	53.68495862	55.93134404	58.37464333	61.41935184	65.8871748	71.34649896	72.58051963	81.74346089	81.79552329	83.89148227	85.67437542
30.2	-1.764852673	6.317461198	14.13711659	21.68440278	28.9469293	35.90896172	38.66700243	42.5496674	48.84058441	53.68467525	54.7316949	58.37394185	60.22721101	64.76299989	70.148627	71.48251464	80.4460617	80.50612871	83.89038272	85.67033383
30.4	-2.871879997	5.195808842	13.00215974	20.53780109	27.79076363	34.74579103	38.66684693	41.38278705	47.67406224	53.572549	53.68444668	58.37346543	59.07591676	63.67548436	68.99417574	70.43202611	79.19525896	79.26451068	83.88879666	85.64583743
30.6	-3.93878116	4.11429299	11.90729941	19.43121041	26.6744715	33.62231091	38.66663117	40.25541098	46.54662603	52.45179221	53.68423575	57.9631374	58.37303269	62.62241288	67.88067415	69.42628002	77.98874241	78.0684951	83.40237049	83.88607013
30.8	-4.967839193	3.070624319	10.85023974	18.36232613	25.5957455	32.53620632	38.66594677	39.16562726	45.45596906	51.36717774	53.68401732	56.88652682	58.3725445	61.6015987	66.80560249	68.46243818	76.82407525	76.91581356	80.09918511	83.87976178
31	-5.961271791	2.062580067	9.828758477	17.32892916	24.55236496	31.48525596	38.10856317	38.66744213	44.39987997	50.31653817	53.68375328	55.84386725	58.37185856	60.61106481	65.76655905	67.53774292	75.6989581	75.80435815	76.90652337	83.84500453
31.2	-6.920927984	1.08831258	8.841005742	16.3291678	23.54248221	30.46761962	37.08665582	38.66684528	43.37653646	49.29808138	53.68330716	54.83344887	58.37051479	59.64956312	64.76155711	66.64978024	73.82539221	74.61153349	74.73246211	82.03964965
31.4	-7.84870039	0.1459290308	7.885086398	15.36114224	22.56419442	29.48138753	36.09551847	38.66662938	42.38402679	48.30992211	53.67965327	53.85635434	58.3635355	58.7202846	63.78849529	65.796029	70.85177803	73.55977542	73.69832345	79.07721097
31.6	-8.746281296	-0.7662696813	6.959296491	14.42314781	21.61579292	28.52485313	35.13377705	38.66646464	41.42065271	47.35038366	52.89916213	53.68448898	57.79484901	58.37771187	62.84549582	64.97415559	67.98125241	72.54188934	72.70039596	76.20166608
31.8	-9.615376557	-1.649998178	6.061917031	13.513463	20.69555395	27.59628838	34.19973707	38.66630968	40.48468553	46.41775379	51.97412875	53.68380648	56.91093481	58.37367105	61.93065182	64.18178687	65.20968615	71.55602939	71.73709537	73.42232039
32	-10.45739585	-2.506656073	5.191553061	12.63069373	19.80208978	26.69431399	33.29204084	38.66615022	39.57476537	45.5106969	51.07404907	53.68344152	56.04689749	58.37139937	61.04245852	62.53351109	63.41689507	70.60078746	70.73690945	70.80728518
32.2	-11.27376457	-3.337675485	4.346766661	11.77339791	18.93395502	25.81748128	32.40924247	38.66597716	38.68944459	44.6277782	50.19773308	53.68310774	55.20354273	58.36528929	59.95205604	60.17929512	62.67734981	68.14170528	69.67458978	69.90967862
32.4	-12.06591111	-4.144496846	3.526111455	10.94012391	18.0896914	24.9643264	31.54987582	37.82725185	38.66578151	43.76754005	49.34374237	53.68273293	54.37985865	57.42713792	58.38902185	59.33952096	61.96102207	65.6327296	68.77580748	69.04296459
32.6	-12.83497347	-4.928248237	2.72846495	10.12975613	17.26819277	24.13375424	30.71286049	36.98712123	38.66555172	42.92893681	48.51104098	53.57505327	53.68225397	55.0202288	58.37787092	58.52194894	61.26617247	63.20693509	67.9033263	68.20633248
32.8	-13.5821683	-5.690151397	1.952598717	9.341060241	16.46821858	23.324521	29.89694967	36.16780438	38.66527044	42.11073258	47.69838003	52.68351255	52.78808764	53.68155854	57.72517886	58.37573698	60.5909205	60.86063105	67.05574354	67.39869516
33	-14.30860622	-6.431322349	1.197394878	8.572916065	15.68864797	22.53550425	29.10102235	35.36818363	38.66490874	41.31182	46.90464168	50.42167811	52.01798495	53.68035424	56.9479501	58.37446821	58.59072175	59.93358929	66.23178797	66.5157743
33.2	-15.01531139	-7.152784765	0.46182866	7.824300869	14.92846109	21.76568881	28.32407251	34.58725992	38.66441246	40.53122413	46.12884249	48.23218202	51.26395028	53.67745703	56.18915117	56.39512525	58.37295697	59.29293224	64.31076468	65.43035335
33.4	-15.70326847	-7.855526788	-0.2550884251	7.094223215	14.18666597	21.01408431	27.56510795	33.82404579	38.66366138	39.76798734	45.36999927	46.11234077	50.52513442	53.65581981	54.28790531	55.44769546	58.36742989	58.67093505	62.17550786	64.65029018
33.6	-16.3734047	-8.540477902	-0.9542903299	6.381748651	13.46232579	20.27975311	26.82319621	33.07761105	38.66221785	39.02139127	44.0594887	44.62718496	49.80075105	52.18714116	53.69436399	54.72255511	58.04229053	58.38161968	60.10703066	63.8905026
33.8	-17.02658008	-9.208496899	-1.636634554	5.686019181	12.75458732	19.56184558	26.09749216	32.34711898	38.28925357	38.66066777	42.0716199	43.89958086	49.09009602	50.19542821	53.68730366	54.01317631	57.44409458	58.10251321	58.3770306	63.15001199
34	-17.66362297	-9.860417452	-2.302958697	5.006196477	12.06260971	18.85952326	25.3871584	31.63173605	37.57298394	38.65215258	40.15061643	43.18636083	48.26018222	48.39245958	53.31625762	53.68681462	56.1592092	56.85278957	58.37589329	62.4278019
34.2	-18.28530469	-10.49701201	-2.95403451	4.341508247	11.38562405	18.17201853	24.69143545	30.93070866	36.87051503	38.21759112	38.71448512	42.48678576	46.38275916	47.70720421	52.63476759	53.68532489	54.27470294	56.27010442	58.37530349	61.72294993
34.4	-18.89236817	-11.11902403	-3.59060834	3.691207828	10.72288124	17.49858537	24.00957604	30.2432938	36.18129626	36.4414831	38.67611645	41.80012017	44.5612841	47.03368967	51.9656807	52.44654492	53.68440083	55.69530512	58.37489645	60.09088344
34.6	-19.48549179	-11.72713417	-4.213361055	3.054615519	10.07370635	16.8385518	23.34091813	29.56883868	34.6852116	35.50471386	38.67175424	41.12573295	42.79360444	46.3713727	50.67240024	51.30857899	53.68345887	55.12757489	58.31228635	58.37456119
34.8	-20.06533951	-12.32200789	-4.822958715	2.431064459	9.437432566	16.19125378	22.68480009	28.90668604	32.97792967	34.84011796	38.67002841	40.46297947	41.07756333	45.71968677	48.95005326	50.66277657	53.682004	54.56610416	56.58609036	58.37423967
35	-20.63254841	-12.90428537	-5.420044253	1.819910023	8.813416004	15.55604879	22.04058099	28.25619874	31.31946591	34.18688371	38.66905312	39.4111412	39.81123466	45.0780746	47.27744457	50.02758602	53.67754433	54.01015049	54.9126802	58.37387259
35.2	-21.18766222	-13.47450797	-6.005156328	1.220618795	8.201128315	14.93241724	21.40775288	27.61688183	29.70833597	33.54453106	37.7924369	38.66837289	39.17002531	44.44613744	45.65266361	49.40249104	53.25465986	53.45919527	53.70552422	58.37332647
35.4	-21.7312796	-14.03327781	-6.57890108	0.6325816759	7.599960593	14.3197494	20.78570566	26.98812651	28.142714	32.91245854	36.21946554	38.53875641	38.66780198	43.82333007	44.07373946	48.78683883	51.68699075	52.91265571	53.68895134	57.80981249
35.6	-22.263933	-14.58113049	-7.141815827	0.05526161818	7.009375306	13.71751095	20.17390915	26.36940902	26.62081562	32.29014898	34.69037558	37.91691609	38.6672013	42.53886566	43.20920092	48.18007306	50.14881416	52.37009574	53.68681482	57.20288221
35.8	-22.78609325	-15.11853543	-7.694364551	-0.5118012188	6.428921048	13.12525852	19.57193285	25.14110309	25.76030897	31.67719824	33.20360281	37.30411264	38.66630168	41.04672357	42.60340627	47.58177128	48.65178762	51.83124994	53.68587643	56.01613692
36	-23.29824408	-15.6459764	-8.237034718	-1.069094044	5.858111047	12.54250932	18.97929445	23.70192015	25.16035059	31.07313647	31.75746375	36.69988119	38.66343574	39.5972511	42.00552719	46.9914344	47.19504796	51.29581983	53.68527955	54.55527687
36.2	-23.8008755	-16.16394795	-8.77032295	-1.617114619	5.296448782	11.96876638	18.39550081	22.30161583	24.56904355	30.35029297	30.47747935	36.10374488	38.1715346	38.67583581	41.41512599	45.77711659	46.40855722	50.76353313	53.13321159	53.68480414
36.4	-24.29437765	-16.67283861	-9.294614377	-2.156242605	4.743560926	11.40366672	17.8201999	20.9387798	23.98604673	28.98067139	29.88990147	35.51539098	36.80198355	38.66966295	40.83193208	44.39665417	45.83281233	50.23430606	51.74857893	53.68434321
36.6	-24.77916614	-17.1730639	-9.81032549	-2.686892748	4.199034863	10.84680127	17.25298551	19.61201296	23.41096196	27.64719337	29.3100085	34.93443269	35.46348476	38.66860582	40.25559423	43.05226631	45.26379511	49.70799252	50.39997	53.68377243
36.8	-25.2556651	-17.66505281	-10.31788539	-3.209496559	3.662442655	10.29774433	16.6934341	18.31989992	22.84336794	26.34843049	28.73738741	34.15916643	34.36046374	38.66808805	39.68574203	41.74252524	44.70108576	49.08589054	49.18448574	53.68208932
37	-25.72420817	-18.14913524	-10.81762197	-3.724373892	3.133469486	9.756190601	16.14124402	17.06120806	22.28298065	25.08314778	28.17176628	32.88816678	33.79322561	38.66768135	39.12220294	40.46620475	44.14442364	47.80522559	48.66366925	53.22761386
37.2	-26.18516427	-18.62568285	-11.30990709	-4.231896796	2.611746414	9.221774151	15.59598347	15.83472394	21.72943859	23.85005554	27.61279361	31.6492772	33.23237288	38.56363727	38.66830641	39.22200136	43.59345978	46.55656024	48.14555658	52.69191202
37.4	-26.63886192	-19.09502287	-11.79506616	-4.732386466	2.096958247	8.694185094	14.63893499	15.05772198	21.18243805	22.64801936	27.06018097	30.44139359	32.67762988	38.00877058	38.01220722	38.66750918	43.04791962	45.33876578	47.63008961	52.16243973
37.6	-27.08565528	-19.5575123	-12.27345716	-5.226200514	1.588749058	8.173072158	13.47319847	14.52557499	20.64159799	21.47589111	26.51358451	29.26333847	32.12866103	36.82531219	37.46559828	38.66726961	42.50746783	44.15064682	47.11716995	51.22459088
37.8	-27.52581478	-20.01341904	-12.74534434	-5.713596691	1.08686999	7.658194243	12.33620494	13.99958815	20.10628345	20.33305051	25.97279014	28.11409382	31.58527084	35.67059518	36.92415149	38.66705935	41.97192349	42.99117029	46.60683704	50.06179049
38	-27.95964838	-20.46305321	-13.21103758	-6.194882185	0.5910157458	7.149250517	11.22690644	13.47943703	19.21614825	19.57846867	25.43749131	26.99259056	31.04717503	34.54352169	36.38762547	38.66682962	41.4410099	41.8592558	46.09901873	48.92598842
38.2	-28.38743948	-20.90669705	-13.6708181	-6.670334856	0.1009129767	6.645971989	10.1443373	12.96485292	18.12754631	19.05456181	24.90737712	25.89791633	30.51412326	33.44312348	35.85579374	38.66651033	40.75398015	40.91448666	45.5936639	47.81642372
38.4	-28.80944812	-21.34460984	-14.12494094	-7.140205094	-0.3836805852	6.14812336	9.087567817	12.45560852	17.06455526	18.53610059	24.3819188	24.82945695	29.98591388	32.36845983	35.32848362	38.66578095	39.67470828	40.39217818	45.09077157	46.73221139
38.6	-29.22593237	-21.77705089	-14.57366508	-7.604747151	-0.8630171155	5.655457499	8.055674159	11.95145971	16.02642722	18.02266137	23.77852016	23.86864003	29.46230632	31.31860544	34.80548264	38.60027185	38.68486433	39.87386746	44.59028422	45.67242553
38.8	-29.63714255	-22.2042692	-15.01723751	-8.064205536	-1.337336098	5.167737559	7.0477735	11.45217334	15.01229935	17.51398979	22.76316688	23.34835794	28.94305101	30.29269061	34.28658417	37.58566375	38.66785777	39.35934703	44.09213651	44.63616404
39	-30.04330301	-22.62648937	-15.45587888	-8.518793545	-1.806843753	4.684765157	6.063058272	10.9575586	14.02137812	17.00989949	21.76650009	22.83700299	28.42789322	29.29000702	33.77164868	36.57762646	38.66721016	38.8484836	43.59632818	43.62262146
39.2	-30.44464258	-23.04393787	-15.88981399	-8.968732167	-2.271757733	4.206326537	5.100734662	10.46740475	13.05286439	16.51017802	20.7919599	22.33012076	27.9160908	28.31028417	33.26048717	35.59135091	38.34109132	38.66690939	42.6309782	43.10278898
39.4	-30.84138217	-23.45683756	-16.31926315	-9.414237688	-2.732291033	3.732210184	4.160018386	9.981503156	12.10597025	16.0146191	19.8389232	21.8273403	27.33910794	27.42106294	32.75291251	34.62629213	37.83699078	38.66669273	41.66041904	42.61144386
39.6	-31.23370641	-23.86536955	-16.74440241	-9.855478853	-3.18860607	3.240203812	3.262261134	9.499707398	11.17998767	15.52308613	18.90671866	21.32849736	26.40920033	26.90926109	32.24882022	33.68179829	37.33609713	38.66650292	40.71023011	42.12230407
39.8	-31.62182784	-24.26974716	-17.16544424	-10.29266286	-3.64090807	2.340572198	2.796275832	9.021815445	10.27419822	15.03537775	17.99463435	20.83338188	25.49135669	26.40896856	31.74800536	32.75717409	36.8382337	38.6663175	39.77966828	41.63527557
40	-32.00593819	-24.67016064	-17.58257477	-10.72597196	-4.0893773	1.460451942	2.334075372	8.547650548	9.387928507	14.55132103	17.10199934	20.34181997	24.5924219	25.91249213	31.25023364	31.85181487	36.34325296	38.66612275	38.86803269	41.15028502
40.2	-32.38620077	-25.06677127	-17.99595104	-11.15555521	-4.534159315	0.599216458	1.875520123	8.077079629	8.520549222	14.07079274	16.22818219	19.85369483	23.71206453	25.41942605	30.75473215	30.96577355	35.85108117	37.97468737	38.66590617	40.66732593
40.4	-32.76279141	-25.45975376	-18.40574331	-11.58157817	-4.975419768	-0.2437585228	1.420443786	7.609940173	7.671436769	13.59363158	15.37255754	19.36885013	22.84971485	24.92955231	30.0930181	30.26674957	35.36158141	37.09897895	38.66565197	40.1863213
40.6	-33.13588383	-25.84928168	-18.81212264	-12.00420552	-5.413325387	-1.069073821	0.9686821162	6.839986279	7.146071166	13.11968341	14.53451425	18.88713613	22.00477991	24.44270955	29.2423549	29.77673089	34.87462909	36.24029224	38.66533482	39.70720267
40.8	-33.50563933	-26.23551423	-19.21524404	-12.42358725	-5.84803172	-1.877300336	0.5200802889	6.025628383	6.685320195	12.64879979	13.7134789	18.40841119	21.17668614	23.95875072	28.40726647	29.29047451	34.39008579	35.39804336	38.66489976	39.22990322
41	-33.87219109	-26.61858115	-19.61523174	-12.83983844	-6.279657917	-2.668943723	0.07452338983	5.227854973	6.2275823	12.18088643	12.9089361	17.93259039	20.36491915	23.47760095	27.58815639	28.80699815	33.90784991	34.57177043	38.66384154	38.75484167
41.2	-34.23569883	-26.99864278	-20.01224207	-13.2531118	-6.70837057	-3.444550751	-0.3681538829	4.446113056	5.772696104	11.71578695	12.12032666	17.45952432	19.56890834	22.99911426	26.78453844	28.3260719	33.42749723	33.76117887	38.28016175	38.66373723
41.4	-34.59630497	-27.37583951	-20.40641176	-13.66353784	-7.134320843	-4.204605848	-0.8080975028	3.679913403	5.320521558	11.25336954	11.34714852	16.98908744	18.78814425	22.5231714	25.99591777	27.84756273	32.93615546	32.97851801	37.80782207	38.66205809
41.6	-34.95412924	-27.75028699	-20.79785039	-14.07121774	-7.557637137	-4.949544607	-1.24542377	2.928811052	4.870957776	10.58894615	10.79354527	16.52120426	18.02216259	22.04970901	25.22183002	27.37141443	32.17991168	32.47718657	37.3368173	38.65721577
41.8	-35.30930237	-28.12211448	-21.18668256	-14.47627081	-7.978486215	-5.679796266	-1.680280717	2.19235583	4.423869147	9.845251747	10.33618963	16.05575844	17.27048066	21.57861918	24.46178587	26.89752318	31.41218916	32.00317642	36.86689896	38.12419857
42	-35.66196221	-28.49146013	-21.57304263	-14.87882677	-8.39707193	-6.3957683	-2.1128377	1.470098253	3.97910412	9.115592488	9.881161175	15.59261822	16.53261019	21.10977721	23.71528685	26.42577221	30.65725794	31.53159667	36.39750252	37.36420632
42.2	-36.01220797	-28.85841803	-21.95701823	-15.27896431	-8.813587785	-7.097746885	-2.543214847	0.7616849056	3.536572524	8.399587736	9.428391103	15.13172978	15.80815437	20.64314361	22.98192803	25.95613684	29.91506312	31.06208694	35.92741826	36.26132482
42.4	-36.36015956	-29.22310655	-22.33872283	-15.67679241	-9.22834301	-7.785963316	-2.9715855	0.06674388018	3.096135972	7.696824547	8.977757517	14.67298306	15.09667884	20.17861758	22.26126151	25.48852386	29.18521544	30.59449639	34.91134656	35.452561
42.6	-36.70592761	-29.58563471	-22.71826107	-16.07241005	-9.641797026	-8.460467929	-3.398132551	-0.6150563068	2.657662593	7.006916286	8.52914981	14.21627972	14.39777261	19.71611079	21.55286367	25.02285383	28.46730565	30.12873183	33.58766104	34.95345921
42.8	-37.04961022	-29.94609684	-23.09572117	-16.46589819	-10.05473884	-9.12093811	-3.823041303	-1.28399529	2.221040886	6.329510706	8.082484849	13.71105617	13.76155677	19.25557288	20.8563413	24.55909119	27.76094513	29.66476221	32.29022224	34.35858015
43	-37.39130932	-30.30459279	-23.47119804	-16.85734644	-10.46883956	-9.766169927	-4.246546098	-1.94031024	1.786134558	5.664266162	7.637658326	13.03615458	13.30872152	18.79692356	20.17130463	24.09716263	27.06574073	29.20251841	31.0185369	33.68468798
43.2	-37.73111588	-30.6612106	-23.84477414	-17.24683189	-10.88831594	-10.39238604	-4.668914014	-2.584175464	1.352818325	5.010864161	7.194581466	12.37271091	12.8577053	18.3401049	19.4973799	23.63702131	26.38131511	28.74196081	29.77194452	33.00041689
43.4	-38.06913585	-31.01605458	-24.2165498	-17.63445054	-11.3260541	-10.98717287	-5.090503153	-3.215710417	0.9209329561	4.368981319	6.7531359	11.72035548	12.40840695	17.8850253	18.83418054	23.17858321	25.70727598	28.28301199	28.54976034	32.32079649
43.6	-38.40543891	-31.36919052	-24.58658376	-18.02025441	-11.81456486	-11.51838618	-5.511713697	-3.834882545	0.4903674475	3.738361672	6.313265593	11.07878156	11.96079292	17.4316659	18.18138219	22.72184301	25.04329554	27.35136163	27.82567515	31.64885756
43.8	-38.74011493	-31.72070568	-24.95495888	-18.40432174	-12.36563192	-11.97465963	-5.933113414	-4.441545041	0.06096425586	3.118735896	5.874871767	10.4476592	11.51478406	16.97995944	17.53863713	22.26673944	24.389019	26.17609154	27.3698984	30.98532102
44	-39.07324684	-32.07068082	-25.32175101	-18.78672453	-12.94142228	-12.39422181	-6.355456644	-5.035344104	-0.3674373825	2.509861156	5.437861512	9.826675148	11.07030871	16.52984347	16.90561138	21.81321752	23.74411028	25.02333556	26.91563187	30.33029364
44.2	-39.40490612	-32.41918303	-25.68702145	-19.16751828	-13.51935388	-12.80001152	-6.779747071	-5.615631568	-0.7949847078	1.911528633	5.002170386	9.21554066	10.62732866	16.08129417	16.28199896	21.36126485	23.10825876	23.89248433	26.46287306	29.68368215
44.4	-32.766286	-26.05083926	-19.54676849	-14.09249779	-13.19932841	-7.207373198	-6.181397186	-1.221855691	1.323533899	4.567710559	8.613959322	10.18577845	15.63425535	15.66748131	20.91083075	22.48114273	22.78293549	26.01157535	29.04528231	30.73236398
44.6	-33.11205937	-26.41326979	-19.92453767	-14.6586392	-13.59474482	-7.640164011	-6.731171891	-1.648236585	0.7456980047	4.134399141	8.021648142	9.745597676	15.06175456	15.18867576	20.461869	21.69412007	21.86245419	25.56169714	28.41485612	29.64144468
44.8	-33.4565621	-26.77436599	-20.30087333	-15.2170081	-13.98735056	-8.080339766	-7.263057217	-2.074301938	0.1778761072	3.702179926	7.438347293	9.306758251	14.46454045	14.7445399	20.01437275	20.6254944	21.25191441	25.11324118	27.79217544	28.57080823
45	-33.79985707	-27.13418693	-20.67583188	-15.76737738	-14.37770569	-8.530200001	-7.775090372	-2.500255048	-0.3800702351	3.270977002	6.863790901	8.869207059	13.87555213	14.30180295	19.56795455	19.57687549	20.64923446	24.66616896	27.17698171	27.51992052
45.2	-34.14200902	-27.4927932	-21.04947206	-16.30975281	-14.76613938	-8.991338109	-8.26601815	-2.926310867	-0.9282702574	2.840712489	6.297710697	8.432888949	13.29450109	13.86041556	18.54665801	19.12362629	20.05412476	24.22043514	26.48822998	26.56900768
45.4	-34.48305912	-27.85022043	-21.42182496	-16.84421537	-15.15283722	-9.463697006	-8.736164026	-3.35265074	-1.466806817	2.411354714	5.739881115	7.997798538	12.72114653	13.42038423	17.53544502	18.68032908	19.46634563	23.77605905	25.47527163	25.96803675
45.6	-34.8230707	-28.20652885	-21.79294933	-17.37092954	-15.53795664	-9.945383072	-9.187747625	-3.779495076	-1.995789158	1.982830153	5.190046321	7.563883566	12.15521455	12.98166079	16.54238432	18.23838163	18.88562512	23.33298991	24.48056595	25.37381235
45.8	-35.1620974	-28.56176877	-22.16289391	-17.89007923	-15.92161092	-10.43335257	-9.624115092	-4.207045869	-2.51532062	1.555079619	4.647959972	7.131103313	11.59644274	12.54420862	15.56698483	17.79774665	18.3117013	22.89116249	23.50364629	24.7860833
46	-35.50017607	-28.91597181	-22.53168717	-18.40184254	-16.30387032	-10.92444297	-10.04867663	-4.635458675	-3.025490934	1.128082294	4.113405257	6.699457343	11.04460391	12.10803501	14.60881831	17.35843743	17.74435148	22.44991062	22.54476768	24.20464218
46.2	-35.83735533	-29.26918346	-22.89937404	-18.90642053	-16.68481133	-11.41605927	-10.46430838	-5.064885327	-3.526432226	0.7017908267	3.586146686	6.268911784	10.49945123	11.67310807	13.66744434	16.92042044	17.18333072	21.60082425	22.01187304	23.62925497
46.4	-29.62144955	-23.26599878	-19.40401947	-17.06450146	-11.90630858	-10.87317924	-5.495432313	-4.018314264	0.2761671394	3.065949336	5.839441836	9.96074103	11.23940395	12.74242643	16.48367383	16.62839993	20.67459172	21.57381622	23.05969173	26.51178181
46.6	-29.97281129	-23.63160264	-19.89484079	-17.44299974	-12.39389839	-11.27684665	-5.927153453	-4.501350611	-0.1488214692	2.552581655	5.411019352	9.428234774	10.80689417	11.83335732	16.04816717	16.07932294	19.76431175	21.13705909	22.49572686	26.07576209
46.8	-30.32329316	-23.99620824	-20.37906919	-17.8203407	-12.87796351	-11.67639386	-6.360010439	-4.975793942	-0.5731721993	2.045833643	4.983654269	8.901715688	10.37559121	10.93986243	15.53589051	15.61391503	18.8696799	20.70155552	21.93716381	25.64069801
47	-30.67293319	-24.35985329	-20.85690147	-18.19657377	-13.3579671	-12.07260607	-6.79391898	-5.441978383	-0.9969019115	1.545476436	4.557327888	8.380943558	9.945472853	10.06156982	14.99787065	15.18089338	17.99033521	20.26726869	21.38378292	25.20606288
47.2	-31.02177508	-24.72258315	-21.32853774	-18.57175337	-13.83359025	-12.466061	-7.228732845	-5.900308517	-1.420030431	1.051274615	4.132013004	7.865654473	9.198139084	9.51650707	14.46501826	14.74906764	17.12593356	19.83415856	20.835358	24.76339482
47.4	-31.36983609	-25.08441303	-21.7941496	-18.94590138	-14.30462846	-12.85715375	-7.66420816	-6.35121625	-1.842529197	0.563021911	3.707729754	7.355562324	8.349320752	9.088712955	13.93710941	14.31845721	16.27617557	19.40224603	20.29169158	24.00971288
47.6	-31.71715027	-25.44537795	-22.25392287	-19.31905939	-14.77099489	-13.24620166	-8.100076939	-6.795199089	-2.264394226	0.08048984314	3.284464662	6.850171125	7.515046198	8.662070298	13.41386707	13.889038	15.44078632	18.97150434	19.75255271	23.1743841
47.8	-32.06375626	-25.80551855	-22.70804525	-19.69127527	-15.23267378	-13.63345754	-8.536043731	-7.23279066	-2.685623411	-0.396558739	2.862197641	6.347935602	6.696295254	8.236550783	12.89495582	13.46077705	14.6195487	18.54189744	19.21768879	22.35153897
48	-32.40966753	-26.16484722	-23.15667519	-20.06256457	-15.68966889	-14.01909055	-8.971764471	-7.664501845	-3.106169082	-0.8683275085	2.440952944	5.824265174	5.917183304	7.812173822	12.37997211	13.03369344	13.81240366	18.11344555	18.68686771	21.54214576
48.2	-26.52339747	-23.59998723	-20.43296596	-16.1420356	-14.40325856	-9.406921198	-8.090863468	-3.52600861	-1.335044096	2.020721761	5.079947402	5.376403524	7.388922003	11.86826106	12.60776491	13.01950515	17.68612467	18.15980049	20.74620173	22.63115315
48.4	-26.88119854	-24.03814912	-20.80251362	-16.58985004	-14.78608948	-9.841208413	-8.512383537	-3.945113017	-1.796934859	1.601497536	4.301008703	4.887423261	6.966777727	11.35861249	12.18296903	12.24156834	17.25990865	17.63614733	19.9636124	22.20507081
48.6	-27.23826909	-24.47131555	-21.17122913	-17.03319255	-15.1676766	-10.27433085	-8.929525739	-4.363431143	-2.254208907	1.183295917	3.532122502	4.405118042	6.545750076	10.8482418	11.48094162	11.75931323	16.83480562	17.11552005	19.19436388	21.78005882
48.8	-27.59463563	-24.89964467	-21.53914303	-17.47216236	-15.54810938	-10.70603583	-9.342728291	-4.780922659	-2.707082704	0.7661150256	2.774786901	3.927527731	6.125827755	10.32864226	10.74568548	11.3367814	16.41079787	16.59741049	18.43853829	21.35608619
49	-27.95032563	-25.32329242	-21.90628671	-17.90686759	-15.92746776	-11.13610813	-9.752393014	-5.197549789	-3.155774889	0.3499458809	2.029060521	3.454131483	5.706992065	9.769543723	10.06561907	10.91534934	15.98785698	16.08112003	17.69638676	20.93311589
49.2	-28.30535369	-25.74240113	-22.27267678	-18.33741008	-16.30580556	-11.56435188	-10.1588641	-5.613251126	-3.600480803	-0.06519705832	1.294801263	2.98467265	5.289256055	9.125771544	9.485527568	10.49502927	15.56569834	15.5659979	16.96848391	20.51116156
49.4	-28.65974499	-26.15711819	-22.63834254	-18.76390452	-16.68318454	-11.99061915	-10.56246334	-6.027986977	-4.041407536	-0.4793348812	0.5717987471	2.518947696	4.872600725	8.432927633	8.969391009	10.07579766	15.04969982	15.14519264	16.25585945	20.09019153
49.6	-29.0135205	-26.56758466	-23.00330727	-19.18646368	-17.05965506	-12.4147891	-10.96346971	-6.441708627	-4.478750549	-0.8925068246	-0.140142019	2.056789643	4.457018925	7.732438917	8.475394844	9.657644213	14.53092172	14.72543085	15.56033098	19.67019331
49.8	-29.36670291	-26.97394008	-23.36759769	-19.60520349	-17.43526637	-12.83677187	-11.36213429	-6.854375797	-4.912702687	-1.30487142	-0.8411096727	1.59804306	4.042491955	7.036282243	7.991176142	9.240547606	14.00595638	14.30668793	14.88491772	19.25114052
50	-27.37631261	-23.73122697	-20.02023073	-17.81004965	-13.25649126	-11.75866361	-7.265932482	-5.34343669	-1.717487817	-1.530261775	1.14257751	3.629025284	6.347818059	7.51302887	8.824515603	13.4698575	13.88897409	14.23422328	18.83304503	19.4781347
